ObjId,range,speed,angle,snr,Kstate,OboCarSpeed,heigh,heighAngle,X,Y,EstimateCarSpeed,EstimateMagCarSpeed,RCS,WheelSpdFl,WheelSpdFR,WheelSpdRL,WheelSpdRR,YawRate,frameIntervalTimeZ4,SelfCalcAngle,SenceFlag,SortFlag,trkReiablility,RadiusCurvature,Xaccel,Yaccel,noise,using,DbfMag,FrameIntervalTime,installAngleOffset,VehLatAcc,VehLongAcc,matchFlag,tag,deltaRange,clusterID,idx,objLen,weight,MeasCounter,MAtr,SteeringAngle,SteeringAngleSpd,EstCarSpeed,Gear,isDmlMode,waveType,sideSlobe0,sideSlobe1,sideSlobe2,peakNum1,peakNum2,AlgTeam,ObstacleProb,scene,errorCode,FlagJam,FlagTunnelFence,FlagFenceScene,FlagBarnScene
START,FrameNb:0,CameraNb:0,HeSaiNb:0,ARS410Nb:0
2026/08/02 16:23:49:377---->
heightOffset:0,1785659029377,1319021,selfCaliBufCnt:0,selfAccObjCnt:0,selfAccAngle:0,installHAngleOffset:0,Interpolation:0,installVAngleOffset:0,radarOffsetH:0,radarOffsetV:0.32,Polynom:-0.001023;-0.0511;-2.047;0;0;0;-0.001023;-0.0511;-2.047;-25.5;0;0,WheelDirection:0;0;0;0,selfAngleOffset:0,selfAngleOffsetPit:0,currCaliAngleHrz:0,currCaliAnglePit:0,selfCaliAngleHrz:0,selfCaliAnglePit:0,servCaliAngleHrz:0,servCaliAnglePit:0,offlineCaliAngleHrz:0,offlineCaliAnglePit:0,determine2useFlag:0,IMU_Z_Accel:0,IMU_X_AngularRate:0,IMU_Y_AngularRate:0,IMU_RollAngle:0,IMU_PitchAngle:0,IMU_YawAngle:0,FcwID:0,FCWWarningLevel:0,FCWTTC:0
16,16.56,0,17.84,0,0,0,0,0,-5.0745,15.7625,-0.125,0,-17.7,0,0,0,0,0.0572958,0,0,0,0,96,0,0,0,0,0,0,54,0,0.00034,0.00034,0,0,0,0,0,0.8,0,0,0,0,0,0,1,0,0,0,0,0,0,0,0,30,0,,0,0,0,0,
20,6.92,0,-22.3,0,0,0,0,0,2.6255,6.4,0,0,4.9,0,0,0,0,0.0572958,0,0,0,0,92,0,0,0,0,0,0,54,0,0.00034,0.00034,0,0,0,0,0,1,0,0,0,0,0,0,1,0,0,0,0,0,0,0,0,99,0,,0,0,0,0,
21,9.18,0,-23.6,0,0,0,0,0,3.6755,8.4125,0,0,5.1,0,0,0,0,0.0572958,0,0,0,0,96,0,0,0,0,0,0,54,0,0.00034,0.00034,0,0,0,0,0,0.8,0,0,0,0,0,0,1,0,0,0,0,0,0,0,0,99,0,,0,0,0,0,
23,6.05,0,-1.66,0,0,0,0,0,0.1755,6.05,0,0,-6.3,0,0,0,0,0.0572958,0,0,0,0,98,0,0,0,0,0,0,54,0,0.00034,0.00034,0,0,0,0,0,2,0,0,0,0,0,0,1,0,0,0,0,0,0,0,0,98,0,,0,0,0,0,
76,6.32,0,13.61,0,0,0,0,0,-1.487,6.1375,0,0,5.7,0,0,0,0,0.0572958,0,0,0,0,98,0,0,0,0,0,0,54,0,0.00034,0.00034,0,0,0,0,0,6.2,0,0,0,0,0,0,1,0,0,0,0,0,0,0,0,98,0,,0,0,0,0,
115,11.42,-0.12,11.04,0,0,0,0,0,-2.187,11.2125,0,-0.125,-16.3,0,0,0,0,0.0572958,0,0,0,0,65,0,0,0,0,0,0,54,0,0.00034,0.00034,0,0,0,0,0,0.8,0,0,0,0,0,0,1,0,0,0,0,0,0,0,0,99,0,,0,0,0,0,
END,Total:6
START,FrameNb:1,CameraNb:0,HeSaiNb:0,ARS410Nb:0
2026/08/02 16:23:49:411---->
heightOffset:0,1785659029411,1319072,selfCaliBufCnt:0,selfAccObjCnt:0,selfAccAngle:0,installHAngleOffset:0,Interpolation:0,installVAngleOffset:0,radarOffsetH:0,radarOffsetV:0.32,Polynom:-0.001023;-0.0511;-2.047;0;0;0;-0.001023;-0.0511;-2.047;-25.5;0;0,WheelDirection:0;0;0;0,selfAngleOffset:0,selfAngleOffsetPit:0,currCaliAngleHrz:0,currCaliAnglePit:0,selfCaliAngleHrz:0,selfCaliAnglePit:0,servCaliAngleHrz:0,servCaliAnglePit:0,offlineCaliAngleHrz:0,offlineCaliAnglePit:0,determine2useFlag:0,IMU_Z_Accel:0,IMU_X_AngularRate:0,IMU_Y_AngularRate:0,IMU_RollAngle:0,IMU_PitchAngle:0,IMU_YawAngle:0,FcwID:0,FCWWarningLevel:0,FCWTTC:0
12,10.69,0,-49.58,0,0,0,0,0,8.138,6.925,0,0,22.1,0,0,0,0,0.0572958,0,0,0,0,65,0,0,0,0,0,0,58,0,0.00034,0.00034,0,0,0,0,0,0.6,0,0,0,0,0,0,1,0,0,0,0,0,0,0,0,70,0,,0,0,0,0,
16,16.56,0,17.84,0,0,0,0,0,-5.0745,15.7625,-0.125,0,-17.5,0,0,0,0,0.0572958,0,0,0,0,96,0,0,0,0,0,0,58,0,0.00034,0.00034,0,0,0,0,0,0.8,0,0,0,0,0,0,1,0,0,0,0,0,0,0,0,30,0,,0,0,0,0,
20,6.92,0,-22.3,0,0,0,0,0,2.6255,6.4,0,0,4.9,0,0,0,0,0.0572958,0,0,0,0,92,0,0,0,0,0,0,58,0,0.00034,0.00034,0,0,0,0,0,1,0,0,0,0,0,0,1,0,0,0,0,0,0,0,0,99,0,,0,0,0,0,
21,9.18,0,-23.6,0,0,0,0,0,3.6755,8.4125,0,0,4.9,0,0,0,0,0.0572958,0,0,0,0,96,0,0,0,0,0,0,58,0,0.00034,0.00034,0,0,0,0,0,0.8,0,0,0,0,0,0,1,0,0,0,0,0,0,0,0,99,0,,0,0,0,0,
23,6.05,0,-1.66,0,0,0,0,0,0.1755,6.05,0,0,-6.3,0,0,0,0,0.0572958,0,0,0,0,98,0,0,0,0,0,0,58,0,0.00034,0.00034,0,0,0,0,0,2,0,0,0,0,0,0,1,0,0,0,0,0,0,0,0,98,0,,0,0,0,0,
76,6.32,0,13.61,0,0,0,0,0,-1.487,6.1375,-0.125,0,5.7,0,0,0,0,0.0572958,0,0,0,0,98,0,0,0,0,0,0,58,0,0.00034,0.00034,0,0,0,0,0,6.2,0,0,0,0,0,0,1,0,0,0,0,0,0,0,0,98,0,,0,0,0,0,
115,11.42,-0.12,11.04,0,0,0,0,0,-2.187,11.2125,0,-0.125,-16.3,0,0,0,0,0.0572958,0,0,0,0,65,0,0,0,0,0,0,58,0,0.00034,0.00034,0,0,0,0,0,0.8,0,0,0,0,0,0,1,0,0,0,0,0,0,0,0,99,0,,0,0,0,0,
END,Total:7
START,FrameNb:2,CameraNb:0,HeSaiNb:0,ARS410Nb:0
2026/08/02 16:23:49:450---->
heightOffset:0,1785659029450,1319122,selfCaliBufCnt:0,selfAccObjCnt:0,selfAccAngle:0,installHAngleOffset:0,Interpolation:0,installVAngleOffset:0,radarOffsetH:0,radarOffsetV:0.32,Polynom:-0.001023;-0.0511;-2.047;0;0;0;-0.001023;-0.0511;-2.047;-25.5;0;0,WheelDirection:0;0;0;0,selfAngleOffset:0,selfAngleOffsetPit:0,currCaliAngleHrz:0,currCaliAnglePit:0,selfCaliAngleHrz:0,selfCaliAnglePit:0,servCaliAngleHrz:0,servCaliAnglePit:0,offlineCaliAngleHrz:0,offlineCaliAnglePit:0,determine2useFlag:0,IMU_Z_Accel:0,IMU_X_AngularRate:0,IMU_Y_AngularRate:0,IMU_RollAngle:0,IMU_PitchAngle:0,IMU_YawAngle:0,FcwID:0,FCWWarningLevel:0,FCWTTC:0
12,10.69,0,-49.58,0,0,0,0,0,8.138,6.925,0,0,22.1,0,0,0,0,0.0572958,0,0,0,0,65,0,0,0,0,0,0,54,0,0.00034,0.00034,0,0,0,0,0,0.6,0,0,0,0,0,0,1,0,0,0,0,0,0,0,0,76,0,,0,0,0,0,
16,16.56,0,17.84,0,0,0,0,0,-5.0745,15.7625,-0.125,0,-17.7,0,0,0,0,0.0572958,0,0,0,0,96,0,0,0,0,0,0,54,0,0.00034,0.00034,0,0,0,0,0,0.8,0,0,0,0,0,0,1,0,0,0,0,0,0,0,0,30,0,,0,0,0,0,
20,6.92,0,-22.3,0,0,0,0,0,2.6255,6.4,0,0,4.9,0,0,0,0,0.0572958,0,0,0,0,92,0,0,0,0,0,0,54,0,0.00034,0.00034,0,0,0,0,0,1,0,0,0,0,0,0,1,0,0,0,0,0,0,0,0,99,0,,0,0,0,0,
21,9.18,0,-23.6,0,0,0,0,0,3.6755,8.4125,0,0,4.9,0,0,0,0,0.0572958,0,0,0,0,96,0,0,0,0,0,0,54,0,0.00034,0.00034,0,0,0,0,0,0.8,0,0,0,0,0,0,1,0,0,0,0,0,0,0,0,99,0,,0,0,0,0,
23,6.05,0,-1.66,0,0,0,0,0,0.1755,6.05,0,0,-6.3,0,0,0,0,0.0572958,0,0,0,0,98,0,0,0,0,0,0,54,0,0.00034,0.00034,0,0,0,0,0,2,0,0,0,0,0,0,1,0,0,0,0,0,0,0,0,98,0,,0,0,0,0,
76,6.32,0,13.61,0,0,0,0,0,-1.487,6.1375,0,0,5.7,0,0,0,0,0.0572958,0,0,0,0,98,0,0,0,0,0,0,54,0,0.00034,0.00034,0,0,0,0,0,6.2,0,0,0,0,0,0,1,0,0,0,0,0,0,0,0,98,0,,0,0,0,0,
115,11.42,-0.12,11.04,0,0,0,0,0,-2.187,11.2125,0,-0.125,-16.3,0,0,0,0,0.0572958,0,0,0,0,65,0,0,0,0,0,0,54,0,0.00034,0.00034,0,0,0,0,0,0.8,0,0,0,0,0,0,1,0,0,0,0,0,0,0,0,99,0,,0,0,0,0,
END,Total:7
START,FrameNb:3,CameraNb:0,HeSaiNb:0,ARS410Nb:0
2026/08/02 16:23:49:483---->
heightOffset:0,1785659029483,1319171,selfCaliBufCnt:0,selfAccObjCnt:0,selfAccAngle:0,installHAngleOffset:0,Interpolation:0,installVAngleOffset:0,radarOffsetH:0,radarOffsetV:0.32,Polynom:-0.001023;-0.0511;-2.047;0;0;0;-0.001023;-0.0511;-2.047;-25.5;0;0,WheelDirection:0;0;0;0,selfAngleOffset:0,selfAngleOffsetPit:0,currCaliAngleHrz:0,currCaliAnglePit:0,selfCaliAngleHrz:0,selfCaliAnglePit:0,servCaliAngleHrz:0,servCaliAnglePit:0,offlineCaliAngleHrz:0,offlineCaliAnglePit:0,determine2useFlag:0,IMU_Z_Accel:0,IMU_X_AngularRate:0,IMU_Y_AngularRate:0,IMU_RollAngle:0,IMU_PitchAngle:0,IMU_YawAngle:0,FcwID:0,FCWWarningLevel:0,FCWTTC:0
12,10.69,0,-49.58,0,0,0,0,0,8.138,6.925,0,0,22.1,0,0,0,0,0.0572958,0,0,0,0,65,0,0,0,0,0,0,61,0,0.00034,0.00034,0,0,0,0,0,0.8,0,0,0,0,0,0,1,0,0,0,0,0,0,0,0,81,0,,0,0,0,0,
16,16.56,0,17.84,0,0,0,0,0,-5.0745,15.7625,-0.125,0,-17.7,0,0,0,0,0.0572958,0,0,0,0,96,0,0,0,0,0,0,61,0,0.00034,0.00034,0,0,0,0,0,0.8,0,0,0,0,0,0,1,0,0,0,0,0,0,0,0,30,0,,0,0,0,0,
20,6.92,0,-22.3,0,0,0,0,0,2.6255,6.4,0,0,4.9,0,0,0,0,0.0572958,0,0,0,0,92,0,0,0,0,0,0,61,0,0.00034,0.00034,0,0,0,0,0,1,0,0,0,0,0,0,1,0,0,0,0,0,0,0,0,99,0,,0,0,0,0,
21,9.18,0,-23.6,0,0,0,0,0,3.6755,8.4125,0,0,4.9,0,0,0,0,0.0572958,0,0,0,0,96,0,0,0,0,0,0,61,0,0.00034,0.00034,0,0,0,0,0,0.8,0,0,0,0,0,0,1,0,0,0,0,0,0,0,0,99,0,,0,0,0,0,
23,6.05,0,-1.66,0,0,0,0,0,0.1755,6.05,0,0,-6.3,0,0,0,0,0.0572958,0,0,0,0,98,0,0,0,0,0,0,61,0,0.00034,0.00034,0,0,0,0,0,2,0,0,0,0,0,0,1,0,0,0,0,0,0,0,0,98,0,,0,0,0,0,
76,6.32,0,13.61,0,0,0,0,0,-1.487,6.1375,-0.125,0,5.7,0,0,0,0,0.0572958,0,0,0,0,98,0,0,0,0,0,0,61,0,0.00034,0.00034,0,0,0,0,0,6.2,0,0,0,0,0,0,1,0,0,0,0,0,0,0,0,98,0,,0,0,0,0,
115,11.42,0,11.04,0,0,0,0,0,-2.187,11.2125,0,0,-16.3,0,0,0,0,0.0572958,0,0,0,0,65,0,0,0,0,0,0,61,0,0.00034,0.00034,0,0,0,0,0,0.8,0,0,0,0,0,0,1,0,0,0,0,0,0,0,0,99,0,,0,0,0,0,
END,Total:7
START,FrameNb:4,CameraNb:0,HeSaiNb:0,ARS410Nb:0
2026/08/02 16:23:49:550---->
heightOffset:0,1785659029550,1319221,selfCaliBufCnt:0,selfAccObjCnt:0,selfAccAngle:0,installHAngleOffset:0,Interpolation:0,installVAngleOffset:0,radarOffsetH:0,radarOffsetV:0.32,Polynom:-0.001023;-0.0511;-2.047;0;0;0;-0.001023;-0.0511;-2.047;-25.5;0;0,WheelDirection:0;0;0;0,selfAngleOffset:0,selfAngleOffsetPit:0,currCaliAngleHrz:0,currCaliAnglePit:0,selfCaliAngleHrz:0,selfCaliAnglePit:0,servCaliAngleHrz:0,servCaliAnglePit:0,offlineCaliAngleHrz:0,offlineCaliAnglePit:0,determine2useFlag:0,IMU_Z_Accel:0,IMU_X_AngularRate:0,IMU_Y_AngularRate:0,IMU_RollAngle:0,IMU_PitchAngle:0,IMU_YawAngle:0,FcwID:0,FCWWarningLevel:0,FCWTTC:0
12,10.69,0,-49.58,0,0,0,0,0,8.138,6.925,0,0,22.3,0,0,0,0,0.0572958,0,0,0,0,65,0,0,0,0,0,0,59,0,0.00034,0.00034,0,0,0,0,0,0.8,0,0,0,0,0,0,1,0,0,0,0,0,0,0,0,85,0,,0,0,0,0,
16,16.56,-0.12,17.84,0,0,0,0,0,-5.0745,15.7625,-0.125,-0.125,-17.7,0,0,0,0,0.0572958,0,0,0,0,96,0,0,0,0,0,0,59,0,0.00034,0.00034,0,0,0,0,0,0.8,0,0,0,0,0,0,1,0,0,0,0,0,0,0,0,30,0,,0,0,0,0,
20,6.92,0,-22.3,0,0,0,0,0,2.6255,6.4,0,0,4.9,0,0,0,0,0.0572958,0,0,0,0,92,0,0,0,0,0,0,59,0,0.00034,0.00034,0,0,0,0,0,1,0,0,0,0,0,0,1,0,0,0,0,0,0,0,0,99,0,,0,0,0,0,
21,9.18,0,-23.6,0,0,0,0,0,3.6755,8.4125,0,0,4.9,0,0,0,0,0.0572958,0,0,0,0,96,0,0,0,0,0,0,59,0,0.00034,0.00034,0,0,0,0,0,0.8,0,0,0,0,0,0,1,0,0,0,0,0,0,0,0,99,0,,0,0,0,0,
23,6.05,0,-1.66,0,0,0,0,0,0.1755,6.05,0,0,-6.3,0,0,0,0,0.0572958,0,0,0,0,98,0,0,0,0,0,0,59,0,0.00034,0.00034,0,0,0,0,0,2,0,0,0,0,0,0,1,0,0,0,0,0,0,0,0,98,0,,0,0,0,0,
76,6.32,0,13.61,0,0,0,0,0,-1.487,6.1375,0,0,5.7,0,0,0,0,0.0572958,0,0,0,0,98,0,0,0,0,0,0,59,0,0.00034,0.00034,0,0,0,0,0,6.2,0,0,0,0,0,0,1,0,0,0,0,0,0,0,0,98,0,,0,0,0,0,
115,11.42,0,11.04,0,0,0,0,0,-2.187,11.2125,0,0,-16.5,0,0,0,0,0.0572958,0,0,0,0,65,0,0,0,0,0,0,59,0,0.00034,0.00034,0,0,0,0,0,0.8,0,0,0,0,0,0,1,0,0,0,0,0,0,0,0,99,0,,0,0,0,0,
END,Total:7
START,FrameNb:5,CameraNb:0,HeSaiNb:0,ARS410Nb:0
2026/08/02 16:23:49:589---->
heightOffset:0,1785659029589,1319271,selfCaliBufCnt:0,selfAccObjCnt:0,selfAccAngle:0,installHAngleOffset:0,Interpolation:0,installVAngleOffset:0,radarOffsetH:0,radarOffsetV:0.32,Polynom:-0.001023;-0.0511;-2.047;0;0;0;-0.001023;-0.0511;-2.047;-25.5;0;0,WheelDirection:0;0;0;0,selfAngleOffset:0,selfAngleOffsetPit:0,currCaliAngleHrz:0,currCaliAnglePit:0,selfCaliAngleHrz:0,selfCaliAnglePit:0,servCaliAngleHrz:0,servCaliAnglePit:0,offlineCaliAngleHrz:0,offlineCaliAnglePit:0,determine2useFlag:0,IMU_Z_Accel:0,IMU_X_AngularRate:0,IMU_Y_AngularRate:0,IMU_RollAngle:0,IMU_PitchAngle:0,IMU_YawAngle:0,FcwID:0,FCWWarningLevel:0,FCWTTC:0
16,16.56,-0.12,17.84,0,0,0,0,0,-5.0745,15.7625,-0.125,-0.125,-17.7,0,0,0,0,0.0572958,0,0,0,0,96,0,0,0,0,0,0,60,0,0.00034,0.00034,0,0,0,0,0,0.8,0,0,0,0,0,0,1,0,0,0,0,0,0,0,0,30,0,,0,0,0,0,
20,6.92,0,-22.3,0,0,0,0,0,2.6255,6.4,0,0,4.9,0,0,0,0,0.0572958,0,0,0,0,93,0,0,0,0,0,0,60,0,0.00034,0.00034,0,0,0,0,0,1,0,0,0,0,0,0,1,0,0,0,0,0,0,0,0,99,0,,0,0,0,0,
21,9.18,0,-23.6,0,0,0,0,0,3.6755,8.4125,0,0,5.1,0,0,0,0,0.0572958,0,0,0,0,96,0,0,0,0,0,0,60,0,0.00034,0.00034,0,0,0,0,0,0.8,0,0,0,0,0,0,1,0,0,0,0,0,0,0,0,99,0,,0,0,0,0,
23,6.05,0,-1.66,0,0,0,0,0,0.1755,6.05,-0.125,0,-6.3,0,0,0,0,0.0572958,0,0,0,0,98,0,0,0,0,0,0,60,0,0.00034,0.00034,0,0,0,0,0,2,0,0,0,0,0,0,1,0,0,0,0,0,0,0,0,98,0,,0,0,0,0,
76,6.32,0,13.61,0,0,0,0,0,-1.487,6.1375,-0.125,0,5.7,0,0,0,0,0.0572958,0,0,0,0,98,0,0,0,0,0,0,60,0,0.00034,0.00034,0,0,0,0,0,6.2,0,0,0,0,0,0,1,0,0,0,0,0,0,0,0,98,0,,0,0,0,0,
115,11.42,0,11.04,0,0,0,0,0,-2.187,11.2125,0,0,-16.5,0,0,0,0,0.0572958,0,0,0,0,65,0,0,0,0,0,0,60,0,0.00034,0.00034,0,0,0,0,0,0.8,0,0,0,0,0,0,1,0,0,0,0,0,0,0,0,99,0,,0,0,0,0,
END,Total:6
START,FrameNb:6,CameraNb:0,HeSaiNb:0,ARS410Nb:0
2026/08/02 16:23:49:651---->
heightOffset:0,1785659029651,1319322,selfCaliBufCnt:0,selfAccObjCnt:0,selfAccAngle:0,installHAngleOffset:0,Interpolation:0,installVAngleOffset:0,radarOffsetH:0,radarOffsetV:0.32,Polynom:-0.001023;-0.0511;-2.047;0;0;0;-0.001023;-0.0511;-2.047;-25.5;0;0,WheelDirection:0;0;0;0,selfAngleOffset:0,selfAngleOffsetPit:0,currCaliAngleHrz:0,currCaliAnglePit:0,selfCaliAngleHrz:0,selfCaliAnglePit:0,servCaliAngleHrz:0,servCaliAnglePit:0,offlineCaliAngleHrz:0,offlineCaliAnglePit:0,determine2useFlag:0,IMU_Z_Accel:0,IMU_X_AngularRate:0,IMU_Y_AngularRate:0,IMU_RollAngle:0,IMU_PitchAngle:0,IMU_YawAngle:0,FcwID:0,FCWWarningLevel:0,FCWTTC:0
16,16.56,-0.12,17.84,0,0,0,0,0,-5.0745,15.7625,-0.125,-0.125,-17.7,0,0,0,0,0.0572958,0,0,0,0,96,0,0,0,0,0,0,54,0,0.00034,0.00034,0,0,0,0,0,0.8,0,0,0,0,0,0,1,0,0,0,0,0,0,0,0,30,0,,0,0,0,0,
20,6.92,0,-22.3,0,0,0,0,0,2.6255,6.4,0,0,4.9,0,0,0,0,0.0572958,0,0,0,0,93,0,0,0,0,0,0,54,0,0.00034,0.00034,0,0,0,0,0,1,0,0,0,0,0,0,1,0,0,0,0,0,0,0,0,99,0,,0,0,0,0,
21,9.18,0,-23.6,0,0,0,0,0,3.6755,8.4125,0,0,5.1,0,0,0,0,0.0572958,0,0,0,0,96,0,0,0,0,0,0,54,0,0.00034,0.00034,0,0,0,0,0,0.8,0,0,0,0,0,0,1,0,0,0,0,0,0,0,0,99,0,,0,0,0,0,
23,6.05,0,-1.66,0,0,0,0,0,0.1755,6.05,-0.125,0,-6.3,0,0,0,0,0.0572958,0,0,0,0,98,0,0,0,0,0,0,54,0,0.00034,0.00034,0,0,0,0,0,2,0,0,0,0,0,0,1,0,0,0,0,0,0,0,0,98,0,,0,0,0,0,
76,6.32,0,13.61,0,0,0,0,0,-1.487,6.1375,-0.125,0,5.7,0,0,0,0,0.0572958,0,0,0,0,98,0,0,0,0,0,0,54,0,0.00034,0.00034,0,0,0,0,0,6.2,0,0,0,0,0,0,1,0,0,0,0,0,0,0,0,98,0,,0,0,0,0,
115,11.42,0,11.04,0,0,0,0,0,-2.187,11.2125,0,0,-16.5,0,0,0,0,0.0572958,0,0,0,0,65,0,0,0,0,0,0,54,0,0.00034,0.00034,0,0,0,0,0,0.8,0,0,0,0,0,0,1,0,0,0,0,0,0,0,0,99,0,,0,0,0,0,
END,Total:6
START,FrameNb:7,CameraNb:0,HeSaiNb:0,ARS410Nb:0
2026/08/02 16:23:49:681---->
heightOffset:0,1785659029681,1319372,selfCaliBufCnt:0,selfAccObjCnt:0,selfAccAngle:0,installHAngleOffset:0,Interpolation:0,installVAngleOffset:0,radarOffsetH:0,radarOffsetV:0.32,Polynom:-0.001023;-0.0511;-2.047;0;0;0;-0.001023;-0.0511;-2.047;-25.5;0;0,WheelDirection:0;0;0;0,selfAngleOffset:0,selfAngleOffsetPit:0,currCaliAngleHrz:0,currCaliAnglePit:0,selfCaliAngleHrz:0,selfCaliAnglePit:0,servCaliAngleHrz:0,servCaliAnglePit:0,offlineCaliAngleHrz:0,offlineCaliAnglePit:0,determine2useFlag:0,IMU_Z_Accel:0,IMU_X_AngularRate:0,IMU_Y_AngularRate:0,IMU_RollAngle:0,IMU_PitchAngle:0,IMU_YawAngle:0,FcwID:0,FCWWarningLevel:0,FCWTTC:0
16,16.56,-0.12,17.84,0,0,0,0,0,-5.0745,15.7625,-0.125,-0.125,-17.7,0,0,0,0,0.0572958,0,0,0,0,96,0,0,0,0,0,0,54,0,0.00034,0.00034,0,0,0,0,0,0.8,0,0,0,0,0,0,1,0,0,0,0,0,0,0,0,30,0,,0,0,0,0,
20,6.92,0,-22.3,0,0,0,0,0,2.6255,6.4,0,0,4.9,0,0,0,0,0.0572958,0,0,0,0,93,0,0,0,0,0,0,54,0,0.00034,0.00034,0,0,0,0,0,1,0,0,0,0,0,0,1,0,0,0,0,0,0,0,0,99,0,,0,0,0,0,
21,9.18,0,-23.6,0,0,0,0,0,3.6755,8.4125,0,0,5.1,0,0,0,0,0.0572958,0,0,0,0,96,0,0,0,0,0,0,54,0,0.00034,0.00034,0,0,0,0,0,0.8,0,0,0,0,0,0,1,0,0,0,0,0,0,0,0,99,0,,0,0,0,0,
23,6.05,0,-1.66,0,0,0,0,0,0.1755,6.05,-0.125,0,-6.3,0,0,0,0,0.0572958,0,0,0,0,98,0,0,0,0,0,0,54,0,0.00034,0.00034,0,0,0,0,0,2,0,0,0,0,0,0,1,0,0,0,0,0,0,0,0,98,0,,0,0,0,0,
76,6.32,0,13.61,0,0,0,0,0,-1.487,6.1375,0,0,5.7,0,0,0,0,0.0572958,0,0,0,0,98,0,0,0,0,0,0,54,0,0.00034,0.00034,0,0,0,0,0,6.2,0,0,0,0,0,0,1,0,0,0,0,0,0,0,0,98,0,,0,0,0,0,
115,11.42,0,11.04,0,0,0,0,0,-2.187,11.2125,0,0,-16.5,0,0,0,0,0.0572958,0,0,0,0,65,0,0,0,0,0,0,54,0,0.00034,0.00034,0,0,0,0,0,0.8,0,0,0,0,0,0,1,0,0,0,0,0,0,0,0,99,0,,0,0,0,0,
END,Total:6
START,FrameNb:8,CameraNb:0,HeSaiNb:0,ARS410Nb:0
2026/08/02 16:23:49:739---->
heightOffset:0,1785659029739,1319422,selfCaliBufCnt:0,selfAccObjCnt:0,selfAccAngle:0,installHAngleOffset:0,Interpolation:0,installVAngleOffset:0,radarOffsetH:0,radarOffsetV:0.32,Polynom:-0.001023;-0.0511;-2.047;0;0;0;-0.001023;-0.0511;-2.047;-25.5;0;0,WheelDirection:0;0;0;0,selfAngleOffset:0,selfAngleOffsetPit:0,currCaliAngleHrz:0,currCaliAnglePit:0,selfCaliAngleHrz:0,selfCaliAnglePit:0,servCaliAngleHrz:0,servCaliAnglePit:0,offlineCaliAngleHrz:0,offlineCaliAnglePit:0,determine2useFlag:0,IMU_Z_Accel:0,IMU_X_AngularRate:0,IMU_Y_AngularRate:0,IMU_RollAngle:0,IMU_PitchAngle:0,IMU_YawAngle:0,FcwID:0,FCWWarningLevel:0,FCWTTC:0
16,16.56,-0.12,17.84,0,0,0,0,0,-5.0745,15.7625,-0.125,-0.125,-17.7,0,0,0,0,0.0572958,0,0,0,0,96,0,0,0,0,0,0,58,0,0.00034,0.00034,0,0,0,0,0,0.8,0,0,0,0,0,0,1,0,0,0,0,0,0,0,0,30,0,,0,0,0,0,
20,6.92,0,-22.3,0,0,0,0,0,2.6255,6.4,0,0,4.9,0,0,0,0,0.0572958,0,0,0,0,93,0,0,0,0,0,0,58,0,0.00034,0.00034,0,0,0,0,0,1,0,0,0,0,0,0,1,0,0,0,0,0,0,0,0,99,0,,0,0,0,0,
21,9.18,0,-23.6,0,0,0,0,0,3.6755,8.4125,0,0,5.1,0,0,0,0,0.0572958,0,0,0,0,96,0,0,0,0,0,0,58,0,0.00034,0.00034,0,0,0,0,0,0.8,0,0,0,0,0,0,1,0,0,0,0,0,0,0,0,99,0,,0,0,0,0,
23,6.05,0,-1.66,0,0,0,0,0,0.1755,6.05,-0.125,0,-6.3,0,0,0,0,0.0572958,0,0,0,0,98,0,0,0,0,0,0,58,0,0.00034,0.00034,0,0,0,0,0,2,0,0,0,0,0,0,1,0,0,0,0,0,0,0,0,98,0,,0,0,0,0,
76,6.32,0,13.61,0,0,0,0,0,-1.487,6.1375,-0.125,0,5.7,0,0,0,0,0.0572958,0,0,0,0,98,0,0,0,0,0,0,58,0,0.00034,0.00034,0,0,0,0,0,6.2,0,0,0,0,0,0,1,0,0,0,0,0,0,0,0,98,0,,0,0,0,0,
115,11.42,0,11.04,0,0,0,0,0,-2.187,11.2125,0,0,-16.5,0,0,0,0,0.0572958,0,0,0,0,65,0,0,0,0,0,0,58,0,0.00034,0.00034,0,0,0,0,0,0.8,0,0,0,0,0,0,1,0,0,0,0,0,0,0,0,99,0,,0,0,0,0,
END,Total:6
START,FrameNb:9,CameraNb:0,HeSaiNb:0,ARS410Nb:0
2026/08/02 16:23:49:802---->
heightOffset:0,1785659029802,1319471,selfCaliBufCnt:0,selfAccObjCnt:0,selfAccAngle:0,installHAngleOffset:0,Interpolation:0,installVAngleOffset:0,radarOffsetH:0,radarOffsetV:0.32,Polynom:-0.001023;-0.0511;-2.047;0;0;0;-0.001023;-0.0511;-2.047;-25.5;0;0,WheelDirection:0;0;0;0,selfAngleOffset:0,selfAngleOffsetPit:0,currCaliAngleHrz:0,currCaliAnglePit:0,selfCaliAngleHrz:0,selfCaliAnglePit:0,servCaliAngleHrz:0,servCaliAnglePit:0,offlineCaliAngleHrz:0,offlineCaliAnglePit:0,determine2useFlag:0,IMU_Z_Accel:0,IMU_X_AngularRate:0,IMU_Y_AngularRate:0,IMU_RollAngle:0,IMU_PitchAngle:0,IMU_YawAngle:0,FcwID:0,FCWWarningLevel:0,FCWTTC:0
16,16.56,-0.12,17.84,0,0,0,0,0,-5.0745,15.7625,-0.125,-0.125,-17.7,0,0,0,0,0.0572958,0,0,0,0,96,0,0,0,0,0,0,54,0,0.00034,0.00034,0,0,0,0,0,0.8,0,0,0,0,0,0,1,0,0,0,0,0,0,0,0,30,0,,0,0,0,0,
20,6.92,0,-22.3,0,0,0,0,0,2.6255,6.4,0,0,4.9,0,0,0,0,0.0572958,0,0,0,0,93,0,0,0,0,0,0,54,0,0.00034,0.00034,0,0,0,0,0,1,0,0,0,0,0,0,1,0,0,0,0,0,0,0,0,99,0,,0,0,0,0,
21,9.18,0,-23.6,0,0,0,0,0,3.6755,8.4125,0,0,5.1,0,0,0,0,0.0572958,0,0,0,0,96,0,0,0,0,0,0,54,0,0.00034,0.00034,0,0,0,0,0,0.8,0,0,0,0,0,0,1,0,0,0,0,0,0,0,0,99,0,,0,0,0,0,
23,6.05,0,-1.66,0,0,0,0,0,0.1755,6.05,0,0,-6.3,0,0,0,0,0.0572958,0,0,0,0,98,0,0,0,0,0,0,54,0,0.00034,0.00034,0,0,0,0,0,2,0,0,0,0,0,0,1,0,0,0,0,0,0,0,0,98,0,,0,0,0,0,
76,6.32,0,13.61,0,0,0,0,0,-1.487,6.1375,0,0,5.7,0,0,0,0,0.0572958,0,0,0,0,98,0,0,0,0,0,0,54,0,0.00034,0.00034,0,0,0,0,0,6.2,0,0,0,0,0,0,1,0,0,0,0,0,0,0,0,98,0,,0,0,0,0,
115,11.42,0,11.04,0,0,0,0,0,-2.187,11.2125,0,0,-16.5,0,0,0,0,0.0572958,0,0,0,0,65,0,0,0,0,0,0,54,0,0.00034,0.00034,0,0,0,0,0,0.8,0,0,0,0,0,0,1,0,0,0,0,0,0,0,0,99,0,,0,0,0,0,
END,Total:6
START,FrameNb:10,CameraNb:0,HeSaiNb:0,ARS410Nb:0
2026/08/02 16:23:49:830---->
heightOffset:0,1785659029830,1319521,selfCaliBufCnt:0,selfAccObjCnt:0,selfAccAngle:0,installHAngleOffset:0,Interpolation:0,installVAngleOffset:0,radarOffsetH:0,radarOffsetV:0.32,Polynom:-0.001023;-0.0511;-2.047;0;0;0;-0.001023;-0.0511;-2.047;-25.5;0;0,WheelDirection:0;0;0;0,selfAngleOffset:0,selfAngleOffsetPit:0,currCaliAngleHrz:0,currCaliAnglePit:0,selfCaliAngleHrz:0,selfCaliAnglePit:0,servCaliAngleHrz:0,servCaliAnglePit:0,offlineCaliAngleHrz:0,offlineCaliAnglePit:0,determine2useFlag:0,IMU_Z_Accel:0,IMU_X_AngularRate:0,IMU_Y_AngularRate:0,IMU_RollAngle:0,IMU_PitchAngle:0,IMU_YawAngle:0,FcwID:0,FCWWarningLevel:0,FCWTTC:0
16,16.56,-0.12,17.84,0,0,0,0,0,-5.0745,15.7625,-0.125,-0.125,-17.7,0,0,0,0,0.0572958,0,0,0,0,96,0,0,0,0,0,0,58,0,0.00034,0.00034,0,0,0,0,0,0.8,0,0,0,0,0,0,1,0,0,0,0,0,0,0,0,30,0,,0,0,0,0,
20,6.92,0,-22.3,0,0,0,0,0,2.6255,6.4,0,0,4.9,0,0,0,0,0.0572958,0,0,0,0,93,0,0,0,0,0,0,58,0,0.00034,0.00034,0,0,0,0,0,0.8,0,0,0,0,0,0,1,0,0,0,0,0,0,0,0,99,0,,0,0,0,0,
21,9.22,0,-24.09,0,0,0,0,0,3.763,8.4125,-0.125,0,5.3,0,0,0,0,0.0572958,0,0,0,0,96,0,0,0,0,0,0,58,0,0.00034,0.00034,0,0,0,0,0,0.8,0,0,0,0,0,0,1,0,0,0,0,0,0,0,0,99,0,,0,0,0,0,
23,6.05,0,-1.66,0,0,0,0,0,0.1755,6.05,0,0,-6.3,0,0,0,0,0.0572958,0,0,0,0,98,0,0,0,0,0,0,58,0,0.00034,0.00034,0,0,0,0,0,2,0,0,0,0,0,0,1,0,0,0,0,0,0,0,0,98,0,,0,0,0,0,
76,6.32,0,13.61,0,0,0,0,0,-1.487,6.1375,-0.125,0,5.7,0,0,0,0,0.0572958,0,0,0,0,98,0,0,0,0,0,0,58,0,0.00034,0.00034,0,0,0,0,0,6.2,0,0,0,0,0,0,1,0,0,0,0,0,0,0,0,98,0,,0,0,0,0,
115,11.42,0,11.04,0,0,0,0,0,-2.187,11.2125,0,0,-16.5,0,0,0,0,0.0572958,0,0,0,0,65,0,0,0,0,0,0,58,0,0.00034,0.00034,0,0,0,0,0,0.8,0,0,0,0,0,0,1,0,0,0,0,0,0,0,0,99,0,,0,0,0,0,
END,Total:6
START,FrameNb:11,CameraNb:0,HeSaiNb:0,ARS410Nb:0
2026/08/02 16:23:49:890---->
heightOffset:0,1785659029890,1319571,selfCaliBufCnt:0,selfAccObjCnt:0,selfAccAngle:0,installHAngleOffset:0,Interpolation:0,installVAngleOffset:0,radarOffsetH:0,radarOffsetV:0.32,Polynom:-0.001023;-0.0511;-2.047;0;0;0;-0.001023;-0.0511;-2.047;-25.5;0;0,WheelDirection:0;0;0;0,selfAngleOffset:0,selfAngleOffsetPit:0,currCaliAngleHrz:0,currCaliAnglePit:0,selfCaliAngleHrz:0,selfCaliAnglePit:0,servCaliAngleHrz:0,servCaliAnglePit:0,offlineCaliAngleHrz:0,offlineCaliAnglePit:0,determine2useFlag:0,IMU_Z_Accel:0,IMU_X_AngularRate:0,IMU_Y_AngularRate:0,IMU_RollAngle:0,IMU_PitchAngle:0,IMU_YawAngle:0,FcwID:0,FCWWarningLevel:0,FCWTTC:0
16,16.56,-0.12,17.84,0,0,0,0,0,-5.0745,15.7625,-0.125,-0.125,-17.7,0,0,0,0,0.0572958,0,0,0,0,96,0,0,0,0,0,0,58,0,0.00034,0.00034,0,0,0,0,0,0.8,0,0,0,0,0,0,1,0,0,0,0,0,0,0,0,30,0,,0,0,0,0,
20,6.92,0,-22.3,0,0,0,0,0,2.6255,6.4,0,0,4.9,0,0,0,0,0.0572958,0,0,0,0,92,0,0,0,0,0,0,58,0,0.00034,0.00034,0,0,0,0,0,1,0,0,0,0,0,0,1,0,0,0,0,0,0,0,0,99,0,,0,0,0,0,
21,9.22,0,-24.09,0,0,0,0,0,3.763,8.4125,-0.125,0,5.3,0,0,0,0,0.0572958,0,0,0,0,96,0,0,0,0,0,0,58,0,0.00034,0.00034,0,0,0,0,0,1.6,0,0,0,0,0,0,1,0,0,0,0,0,0,0,0,99,0,,0,0,0,0,
23,6.05,0,-1.66,0,0,0,0,0,0.1755,6.05,0,0,-6.3,0,0,0,0,0.0572958,0,0,0,0,98,0,0,0,0,0,0,58,0,0.00034,0.00034,0,0,0,0,0,2,0,0,0,0,0,0,1,0,0,0,0,0,0,0,0,98,0,,0,0,0,0,
76,6.32,0,13.61,0,0,0,0,0,-1.487,6.1375,0,0,5.7,0,0,0,0,0.0572958,0,0,0,0,98,0,0,0,0,0,0,58,0,0.00034,0.00034,0,0,0,0,0,6.2,0,0,0,0,0,0,1,0,0,0,0,0,0,0,0,98,0,,0,0,0,0,
115,11.42,0,11.04,0,0,0,0,0,-2.187,11.2125,0,0,-16.3,0,0,0,0,0.0572958,0,0,0,0,65,0,0,0,0,0,0,58,0,0.00034,0.00034,0,0,0,0,0,0.8,0,0,0,0,0,0,1,0,0,0,0,0,0,0,0,99,0,,0,0,0,0,
END,Total:6
START,FrameNb:12,CameraNb:0,HeSaiNb:0,ARS410Nb:0
2026/08/02 16:23:49:946---->
heightOffset:0,1785659029946,1319621,selfCaliBufCnt:0,selfAccObjCnt:0,selfAccAngle:0,installHAngleOffset:0,Interpolation:0,installVAngleOffset:0,radarOffsetH:0,radarOffsetV:0.32,Polynom:-0.001023;-0.0511;-2.047;0;0;0;-0.001023;-0.0511;-2.047;-25.5;0;0,WheelDirection:0;0;0;0,selfAngleOffset:0,selfAngleOffsetPit:0,currCaliAngleHrz:0,currCaliAnglePit:0,selfCaliAngleHrz:0,selfCaliAnglePit:0,servCaliAngleHrz:0,servCaliAnglePit:0,offlineCaliAngleHrz:0,offlineCaliAnglePit:0,determine2useFlag:0,IMU_Z_Accel:0,IMU_X_AngularRate:0,IMU_Y_AngularRate:0,IMU_RollAngle:0,IMU_PitchAngle:0,IMU_YawAngle:0,FcwID:0,FCWWarningLevel:0,FCWTTC:0
16,16.56,-0.12,17.84,0,0,0,0,0,-5.0745,15.7625,-0.125,-0.125,-17.7,0,0,0,0,0.0572958,0,0,0,0,96,0,0,0,0,0,0,64,0,0.00034,0.00034,0,0,0,0,0,0.8,0,0,0,0,0,0,1,0,0,0,0,0,0,0,0,30,0,,0,0,0,0,
20,6.92,0,-22.3,0,0,0,0,0,2.6255,6.4,0,0,4.9,0,0,0,0,0.0572958,0,0,0,0,92,0,0,0,0,0,0,64,0,0.00034,0.00034,0,0,0,0,0,1,0,0,0,0,0,0,1,0,0,0,0,0,0,0,0,99,0,,0,0,0,0,
21,9.22,0,-24.09,0,0,0,0,0,3.763,8.4125,-0.125,0,5.3,0,0,0,0,0.0572958,0,0,0,0,96,0,0,0,0,0,0,64,0,0.00034,0.00034,0,0,0,0,0,1.4,0,0,0,0,0,0,1,0,0,0,0,0,0,0,0,99,0,,0,0,0,0,
23,6.05,0,-1.66,0,0,0,0,0,0.1755,6.05,0,0,-6.3,0,0,0,0,0.0572958,0,0,0,0,98,0,0,0,0,0,0,64,0,0.00034,0.00034,0,0,0,0,0,2,0,0,0,0,0,0,1,0,0,0,0,0,0,0,0,98,0,,0,0,0,0,
76,6.32,0,13.61,0,0,0,0,0,-1.487,6.1375,-0.125,0,5.7,0,0,0,0,0.0572958,0,0,0,0,98,0,0,0,0,0,0,64,0,0.00034,0.00034,0,0,0,0,0,6.2,0,0,0,0,0,0,1,0,0,0,0,0,0,0,0,98,0,,0,0,0,0,
115,11.42,-0.12,11.04,0,0,0,0,0,-2.187,11.2125,0,-0.125,-16.3,0,0,0,0,0.0572958,0,0,0,0,65,0,0,0,0,0,0,64,0,0.00034,0.00034,0,0,0,0,0,0.8,0,0,0,0,0,0,1,0,0,0,0,0,0,0,0,99,0,,0,0,0,0,
END,Total:6
START,FrameNb:13,CameraNb:0,HeSaiNb:0,ARS410Nb:0
2026/08/02 16:23:49:988---->
heightOffset:0,1785659029988,1319671,selfCaliBufCnt:0,selfAccObjCnt:0,selfAccAngle:0,installHAngleOffset:0,Interpolation:0,installVAngleOffset:0,radarOffsetH:0,radarOffsetV:0.32,Polynom:-0.001023;-0.0511;-2.047;0;0;0;-0.001023;-0.0511;-2.047;-25.5;0;0,WheelDirection:0;0;0;0,selfAngleOffset:0,selfAngleOffsetPit:0,currCaliAngleHrz:0,currCaliAnglePit:0,selfCaliAngleHrz:0,selfCaliAnglePit:0,servCaliAngleHrz:0,servCaliAnglePit:0,offlineCaliAngleHrz:0,offlineCaliAnglePit:0,determine2useFlag:0,IMU_Z_Accel:0,IMU_X_AngularRate:0,IMU_Y_AngularRate:0,IMU_RollAngle:0,IMU_PitchAngle:0,IMU_YawAngle:0,FcwID:0,FCWWarningLevel:0,FCWTTC:0
16,16.56,-0.12,17.84,0,0,0,0,0,-5.0745,15.7625,-0.125,-0.125,-17.7,0,0,0,0,0.0572958,0,0,0,0,96,0,0,0,0,0,0,55,0,0.00034,0.00034,0,0,0,0,0,0.8,0,0,0,0,0,0,1,0,0,0,0,0,0,0,0,30,0,,0,0,0,0,
20,6.92,0,-22.3,0,0,0,0,0,2.6255,6.4,0,0,4.9,0,0,0,0,0.0572958,0,0,0,0,91,0,0,0,0,0,0,55,0,0.00034,0.00034,0,0,0,0,0,1.2,0,0,0,0,0,0,1,0,0,0,0,0,0,0,0,99,0,,0,0,0,0,
21,9.22,0,-24.09,0,0,0,0,0,3.763,8.4125,-0.125,0,5.3,0,0,0,0,0.0572958,0,0,0,0,96,0,0,0,0,0,0,55,0,0.00034,0.00034,0,0,0,0,0,1.2,0,0,0,0,0,0,1,0,0,0,0,0,0,0,0,99,0,,0,0,0,0,
23,6.05,0,-1.66,0,0,0,0,0,0.1755,6.05,0,0,-6.3,0,0,0,0,0.0572958,0,0,0,0,98,0,0,0,0,0,0,55,0,0.00034,0.00034,0,0,0,0,0,2,0,0,0,0,0,0,1,0,0,0,0,0,0,0,0,98,0,,0,0,0,0,
76,6.32,0,13.61,0,0,0,0,0,-1.487,6.1375,0,0,5.7,0,0,0,0,0.0572958,0,0,0,0,98,0,0,0,0,0,0,55,0,0.00034,0.00034,0,0,0,0,0,6.2,0,0,0,0,0,0,1,0,0,0,0,0,0,0,0,98,0,,0,0,0,0,
115,11.42,-0.12,11.04,0,0,0,0,0,-2.187,11.2125,0,-0.125,-16.3,0,0,0,0,0.0572958,0,0,0,0,65,0,0,0,0,0,0,55,0,0.00034,0.00034,0,0,0,0,0,0.8,0,0,0,0,0,0,1,0,0,0,0,0,0,0,0,99,0,,0,0,0,0,
END,Total:6
START,FrameNb:14,CameraNb:0,HeSaiNb:0,ARS410Nb:0
2026/08/02 16:23:50:052---->
heightOffset:0,1785659030052,1319722,selfCaliBufCnt:0,selfAccObjCnt:0,selfAccAngle:0,installHAngleOffset:0,Interpolation:0,installVAngleOffset:0,radarOffsetH:0,radarOffsetV:0.32,Polynom:-0.001023;-0.0511;-2.047;0;0;0;-0.001023;-0.0511;-2.047;-25.5;0;0,WheelDirection:0;0;0;0,selfAngleOffset:0,selfAngleOffsetPit:0,currCaliAngleHrz:0,currCaliAnglePit:0,selfCaliAngleHrz:0,selfCaliAnglePit:0,servCaliAngleHrz:0,servCaliAnglePit:0,offlineCaliAngleHrz:0,offlineCaliAnglePit:0,determine2useFlag:0,IMU_Z_Accel:0,IMU_X_AngularRate:0,IMU_Y_AngularRate:0,IMU_RollAngle:0,IMU_PitchAngle:0,IMU_YawAngle:0,FcwID:0,FCWWarningLevel:0,FCWTTC:0
16,16.56,-0.12,17.84,0,0,0,0,0,-5.0745,15.7625,-0.125,-0.125,-17.7,0,0,0,0,0.0572958,0,0,0,0,96,0,0,0,0,0,0,58,0,0.00034,0.00034,0,0,0,0,0,0.8,0,0,0,0,0,0,1,0,0,0,0,0,0,0,0,30,0,,0,0,0,0,
20,6.92,0,-22.3,0,0,0,0,0,2.6255,6.4,0,0,4.9,0,0,0,0,0.0572958,0,0,0,0,91,0,0,0,0,0,0,58,0,0.00034,0.00034,0,0,0,0,0,1.2,0,0,0,0,0,0,1,0,0,0,0,0,0,0,0,99,0,,0,0,0,0,
21,9.22,0,-24.09,0,0,0,0,0,3.763,8.4125,-0.125,0,5.3,0,0,0,0,0.0572958,0,0,0,0,96,0,0,0,0,0,0,58,0,0.00034,0.00034,0,0,0,0,0,1.2,0,0,0,0,0,0,1,0,0,0,0,0,0,0,0,99,0,,0,0,0,0,
23,6.05,0,-1.66,0,0,0,0,0,0.1755,6.05,0,0,-6.3,0,0,0,0,0.0572958,0,0,0,0,98,0,0,0,0,0,0,58,0,0.00034,0.00034,0,0,0,0,0,2,0,0,0,0,0,0,1,0,0,0,0,0,0,0,0,98,0,,0,0,0,0,
76,6.32,0,13.61,0,0,0,0,0,-1.487,6.1375,0,0,5.7,0,0,0,0,0.0572958,0,0,0,0,98,0,0,0,0,0,0,58,0,0.00034,0.00034,0,0,0,0,0,6.2,0,0,0,0,0,0,1,0,0,0,0,0,0,0,0,98,0,,0,0,0,0,
115,11.42,-0.12,11.04,0,0,0,0,0,-2.187,11.2125,0,-0.125,-16.3,0,0,0,0,0.0572958,0,0,0,0,65,0,0,0,0,0,0,58,0,0.00034,0.00034,0,0,0,0,0,0.8,0,0,0,0,0,0,1,0,0,0,0,0,0,0,0,99,0,,0,0,0,0,
END,Total:6
START,FrameNb:15,CameraNb:0,HeSaiNb:0,ARS410Nb:0
2026/08/02 16:23:50:083---->
heightOffset:0,1785659030083,1319772,selfCaliBufCnt:0,selfAccObjCnt:0,selfAccAngle:0,installHAngleOffset:0,Interpolation:0,installVAngleOffset:0,radarOffsetH:0,radarOffsetV:0.32,Polynom:-0.001023;-0.0511;-2.047;0;0;0;-0.001023;-0.0511;-2.047;-25.5;0;0,WheelDirection:0;0;0;0,selfAngleOffset:0,selfAngleOffsetPit:0,currCaliAngleHrz:0,currCaliAnglePit:0,selfCaliAngleHrz:0,selfCaliAnglePit:0,servCaliAngleHrz:0,servCaliAnglePit:0,offlineCaliAngleHrz:0,offlineCaliAnglePit:0,determine2useFlag:0,IMU_Z_Accel:0,IMU_X_AngularRate:0,IMU_Y_AngularRate:0,IMU_RollAngle:0,IMU_PitchAngle:0,IMU_YawAngle:0,FcwID:0,FCWWarningLevel:0,FCWTTC:0
16,16.56,0,17.84,0,0,0,0,0,-5.0745,15.7625,-0.125,0,-17.7,0,0,0,0,0.0572958,0,0,0,0,96,0,0,0,0,0,0,58,0,0.00034,0.00034,0,0,0,0,0,0.8,0,0,0,0,0,0,1,0,0,0,0,0,0,0,0,30,0,,0,0,0,0,
20,6.92,0,-22.3,0,0,0,0,0,2.6255,6.4,0,0,4.9,0,0,0,0,0.0572958,0,0,0,0,91,0,0,0,0,0,0,58,0,0.00034,0.00034,0,0,0,0,0,1.2,0,0,0,0,0,0,1,0,0,0,0,0,0,0,0,99,0,,0,0,0,0,
21,9.22,0,-24.09,0,0,0,0,0,3.763,8.4125,-0.125,0,5.1,0,0,0,0,0.0572958,0,0,0,0,96,0,0,0,0,0,0,58,0,0.00034,0.00034,0,0,0,0,0,1.2,0,0,0,0,0,0,1,0,0,0,0,0,0,0,0,99,0,,0,0,0,0,
23,6.05,0,-1.66,0,0,0,0,0,0.1755,6.05,0,0,-6.3,0,0,0,0,0.0572958,0,0,0,0,98,0,0,0,0,0,0,58,0,0.00034,0.00034,0,0,0,0,0,2,0,0,0,0,0,0,1,0,0,0,0,0,0,0,0,98,0,,0,0,0,0,
76,6.32,0,13.61,0,0,0,0,0,-1.487,6.1375,0,0,5.7,0,0,0,0,0.0572958,0,0,0,0,98,0,0,0,0,0,0,58,0,0.00034,0.00034,0,0,0,0,0,6.2,0,0,0,0,0,0,1,0,0,0,0,0,0,0,0,98,0,,0,0,0,0,
115,11.42,-0.12,11.04,0,0,0,0,0,-2.187,11.2125,0,-0.125,-16.3,0,0,0,0,0.0572958,0,0,0,0,65,0,0,0,0,0,0,58,0,0.00034,0.00034,0,0,0,0,0,0.8,0,0,0,0,0,0,1,0,0,0,0,0,0,0,0,99,0,,0,0,0,0,
END,Total:6
START,FrameNb:16,CameraNb:0,HeSaiNb:0,ARS410Nb:0
2026/08/02 16:23:50:143---->
heightOffset:0,1785659030143,1319822,selfCaliBufCnt:0,selfAccObjCnt:0,selfAccAngle:0,installHAngleOffset:0,Interpolation:0,installVAngleOffset:0,radarOffsetH:0,radarOffsetV:0.32,Polynom:-0.001023;-0.0511;-2.047;0;0;0;-0.001023;-0.0511;-2.047;-25.5;0;0,WheelDirection:0;0;0;0,selfAngleOffset:0,selfAngleOffsetPit:0,currCaliAngleHrz:0,currCaliAnglePit:0,selfCaliAngleHrz:0,selfCaliAnglePit:0,servCaliAngleHrz:0,servCaliAnglePit:0,offlineCaliAngleHrz:0,offlineCaliAnglePit:0,determine2useFlag:0,IMU_Z_Accel:0,IMU_X_AngularRate:0,IMU_Y_AngularRate:0,IMU_RollAngle:0,IMU_PitchAngle:0,IMU_YawAngle:0,FcwID:0,FCWWarningLevel:0,FCWTTC:0
16,16.56,0,17.84,0,0,0,0,0,-5.0745,15.7625,-0.125,0,-17.7,0,0,0,0,0.0572958,0,0,0,0,96,0,0,0,0,0,0,54,0,0.00034,0.00034,0,0,0,0,0,0.8,0,0,0,0,0,0,1,0,0,0,0,0,0,0,0,30,0,,0,0,0,0,
20,6.92,0,-22.3,0,0,0,0,0,2.6255,6.4,0,0,4.9,0,0,0,0,0.0572958,0,0,0,0,91,0,0,0,0,0,0,54,0,0.00034,0.00034,0,0,0,0,0,1,0,0,0,0,0,0,1,0,0,0,0,0,0,0,0,99,0,,0,0,0,0,
21,9.22,0,-24.09,0,0,0,0,0,3.763,8.4125,-0.125,0,5.1,0,0,0,0,0.0572958,0,0,0,0,96,0,0,0,0,0,0,54,0,0.00034,0.00034,0,0,0,0,0,1.2,0,0,0,0,0,0,1,0,0,0,0,0,0,0,0,99,0,,0,0,0,0,
23,6.05,0,-1.66,0,0,0,0,0,0.1755,6.05,0,0,-6.3,0,0,0,0,0.0572958,0,0,0,0,98,0,0,0,0,0,0,54,0,0.00034,0.00034,0,0,0,0,0,2,0,0,0,0,0,0,1,0,0,0,0,0,0,0,0,98,0,,0,0,0,0,
76,6.32,0,13.61,0,0,0,0,0,-1.487,6.1375,0,0,5.7,0,0,0,0,0.0572958,0,0,0,0,98,0,0,0,0,0,0,54,0,0.00034,0.00034,0,0,0,0,0,6.2,0,0,0,0,0,0,1,0,0,0,0,0,0,0,0,98,0,,0,0,0,0,
115,11.42,-0.12,11.04,0,0,0,0,0,-2.187,11.2125,0,-0.125,-16.3,0,0,0,0,0.0572958,0,0,0,0,65,0,0,0,0,0,0,54,0,0.00034,0.00034,0,0,0,0,0,0.8,0,0,0,0,0,0,1,0,0,0,0,0,0,0,0,99,0,,0,0,0,0,
END,Total:6
START,FrameNb:17,CameraNb:0,HeSaiNb:0,ARS410Nb:0
2026/08/02 16:23:50:204---->
heightOffset:0,1785659030204,1319871,selfCaliBufCnt:0,selfAccObjCnt:0,selfAccAngle:0,installHAngleOffset:0,Interpolation:0,installVAngleOffset:0,radarOffsetH:0,radarOffsetV:0.32,Polynom:-0.001023;-0.0511;-2.047;0;0;0;-0.001023;-0.0511;-2.047;-25.5;0;0,WheelDirection:0;0;0;0,selfAngleOffset:0,selfAngleOffsetPit:0,currCaliAngleHrz:0,currCaliAnglePit:0,selfCaliAngleHrz:0,selfCaliAnglePit:0,servCaliAngleHrz:0,servCaliAnglePit:0,offlineCaliAngleHrz:0,offlineCaliAnglePit:0,determine2useFlag:0,IMU_Z_Accel:0,IMU_X_AngularRate:0,IMU_Y_AngularRate:0,IMU_RollAngle:0,IMU_PitchAngle:0,IMU_YawAngle:0,FcwID:0,FCWWarningLevel:0,FCWTTC:0
16,16.56,0,17.84,0,0,0,0,0,-5.0745,15.7625,-0.125,0,-17.7,0,0,0,0,0.0572958,0,0,0,0,96,0,0,0,0,0,0,58,0,0.00034,0.00034,0,0,0,0,0,0.8,0,0,0,0,0,0,1,0,0,0,0,0,0,0,0,30,0,,0,0,0,0,
20,6.92,0,-22.3,0,0,0,0,0,2.6255,6.4,0,0,4.9,0,0,0,0,0.0572958,0,0,0,0,91,0,0,0,0,0,0,58,0,0.00034,0.00034,0,0,0,0,0,1,0,0,0,0,0,0,1,0,0,0,0,0,0,0,0,99,0,,0,0,0,0,
21,9.22,0,-24.09,0,0,0,0,0,3.763,8.4125,-0.125,0,5.1,0,0,0,0,0.0572958,0,0,0,0,96,0,0,0,0,0,0,58,0,0.00034,0.00034,0,0,0,0,0,1,0,0,0,0,0,0,1,0,0,0,0,0,0,0,0,99,0,,0,0,0,0,
23,6.05,0,-1.66,0,0,0,0,0,0.1755,6.05,0,0,-6.3,0,0,0,0,0.0572958,0,0,0,0,98,0,0,0,0,0,0,58,0,0.00034,0.00034,0,0,0,0,0,2,0,0,0,0,0,0,1,0,0,0,0,0,0,0,0,98,0,,0,0,0,0,
76,6.32,0,13.61,0,0,0,0,0,-1.487,6.1375,0,0,5.7,0,0,0,0,0.0572958,0,0,0,0,98,0,0,0,0,0,0,58,0,0.00034,0.00034,0,0,0,0,0,6.2,0,0,0,0,0,0,1,0,0,0,0,0,0,0,0,98,0,,0,0,0,0,
115,11.42,-0.12,11.04,0,0,0,0,0,-2.187,11.2125,0,-0.125,-16.3,0,0,0,0,0.0572958,0,0,0,0,65,0,0,0,0,0,0,58,0,0.00034,0.00034,0,0,0,0,0,0.8,0,0,0,0,0,0,1,0,0,0,0,0,0,0,0,99,0,,0,0,0,0,
END,Total:6
START,FrameNb:18,CameraNb:0,HeSaiNb:0,ARS410Nb:0
2026/08/02 16:23:50:237---->
heightOffset:0,1785659030237,1319921,selfCaliBufCnt:0,selfAccObjCnt:0,selfAccAngle:0,installHAngleOffset:0,Interpolation:0,installVAngleOffset:0,radarOffsetH:0,radarOffsetV:0.32,Polynom:-0.001023;-0.0511;-2.047;0;0;0;-0.001023;-0.0511;-2.047;-25.5;0;0,WheelDirection:0;0;0;0,selfAngleOffset:0,selfAngleOffsetPit:0,currCaliAngleHrz:0,currCaliAnglePit:0,selfCaliAngleHrz:0,selfCaliAnglePit:0,servCaliAngleHrz:0,servCaliAnglePit:0,offlineCaliAngleHrz:0,offlineCaliAnglePit:0,determine2useFlag:0,IMU_Z_Accel:0,IMU_X_AngularRate:0,IMU_Y_AngularRate:0,IMU_RollAngle:0,IMU_PitchAngle:0,IMU_YawAngle:0,FcwID:0,FCWWarningLevel:0,FCWTTC:0
14,10.5,0,-49.32,0,0,0,0,0,7.963,6.8375,-0.125,0,22.3,0,0,0,0,0.0572958,0,0,0,0,65,0,0,0,0,0,0,53,0,0.00034,0.00034,0,0,0,0,0,0.2,0,0,0,0,0,0,1,0,0,0,0,0,0,0,0,71,0,,0,0,0,0,
16,16.56,0,17.84,0,0,0,0,0,-5.0745,15.7625,-0.125,0,-17.7,0,0,0,0,0.0572958,0,0,0,0,96,0,0,0,0,0,0,53,0,0.00034,0.00034,0,0,0,0,0,0.8,0,0,0,0,0,0,1,0,0,0,0,0,0,0,0,30,0,,0,0,0,0,
20,6.92,0,-22.3,0,0,0,0,0,2.6255,6.4,0,0,4.9,0,0,0,0,0.0572958,0,0,0,0,91,0,0,0,0,0,0,53,0,0.00034,0.00034,0,0,0,0,0,1,0,0,0,0,0,0,1,0,0,0,0,0,0,0,0,99,0,,0,0,0,0,
21,9.22,0,-24.09,0,0,0,0,0,3.763,8.4125,-0.125,0,5.1,0,0,0,0,0.0572958,0,0,0,0,96,0,0,0,0,0,0,53,0,0.00034,0.00034,0,0,0,0,0,1,0,0,0,0,0,0,1,0,0,0,0,0,0,0,0,99,0,,0,0,0,0,
23,6.05,0,-1.66,0,0,0,0,0,0.1755,6.05,0,0,-6.3,0,0,0,0,0.0572958,0,0,0,0,98,0,0,0,0,0,0,53,0,0.00034,0.00034,0,0,0,0,0,2,0,0,0,0,0,0,1,0,0,0,0,0,0,0,0,98,0,,0,0,0,0,
76,6.32,0,13.61,0,0,0,0,0,-1.487,6.1375,0,0,5.7,0,0,0,0,0.0572958,0,0,0,0,98,0,0,0,0,0,0,53,0,0.00034,0.00034,0,0,0,0,0,6.2,0,0,0,0,0,0,1,0,0,0,0,0,0,0,0,98,0,,0,0,0,0,
115,11.42,-0.12,11.04,0,0,0,0,0,-2.187,11.2125,0,-0.125,-16.3,0,0,0,0,0.0572958,0,0,0,0,65,0,0,0,0,0,0,53,0,0.00034,0.00034,0,0,0,0,0,0.8,0,0,0,0,0,0,1,0,0,0,0,0,0,0,0,99,0,,0,0,0,0,
END,Total:7
START,FrameNb:19,CameraNb:0,HeSaiNb:0,ARS410Nb:0
2026/08/02 16:23:50:299---->
heightOffset:0,1785659030299,1319971,selfCaliBufCnt:0,selfAccObjCnt:0,selfAccAngle:0,installHAngleOffset:0,Interpolation:0,installVAngleOffset:0,radarOffsetH:0,radarOffsetV:0.32,Polynom:-0.001023;-0.0511;-2.047;0;0;0;-0.001023;-0.0511;-2.047;-25.5;0;0,WheelDirection:0;0;0;0,selfAngleOffset:0,selfAngleOffsetPit:0,currCaliAngleHrz:0,currCaliAnglePit:0,selfCaliAngleHrz:0,selfCaliAnglePit:0,servCaliAngleHrz:0,servCaliAnglePit:0,offlineCaliAngleHrz:0,offlineCaliAnglePit:0,determine2useFlag:0,IMU_Z_Accel:0,IMU_X_AngularRate:0,IMU_Y_AngularRate:0,IMU_RollAngle:0,IMU_PitchAngle:0,IMU_YawAngle:0,FcwID:0,FCWWarningLevel:0,FCWTTC:0
14,10.5,0,-49.32,0,0,0,0,0,7.963,6.8375,-0.125,0,22.3,0,0,0,0,0.0572958,0,0,0,0,65,0,0,0,0,0,0,63,0,0.00034,0.00034,0,0,0,0,0,0.4,0,0,0,0,0,0,1,0,0,0,0,0,0,0,0,77,0,,0,0,0,0,
16,16.56,0,17.84,0,0,0,0,0,-5.0745,15.7625,-0.125,0,-17.7,0,0,0,0,0.0572958,0,0,0,0,96,0,0,0,0,0,0,63,0,0.00034,0.00034,0,0,0,0,0,0.8,0,0,0,0,0,0,1,0,0,0,0,0,0,0,0,30,0,,0,0,0,0,
20,6.92,0,-22.3,0,0,0,0,0,2.6255,6.4,0,0,4.9,0,0,0,0,0.0572958,0,0,0,0,92,0,0,0,0,0,0,63,0,0.00034,0.00034,0,0,0,0,0,1,0,0,0,0,0,0,1,0,0,0,0,0,0,0,0,99,0,,0,0,0,0,
21,9.22,0,-24.09,0,0,0,0,0,3.763,8.4125,-0.125,0,5.1,0,0,0,0,0.0572958,0,0,0,0,96,0,0,0,0,0,0,63,0,0.00034,0.00034,0,0,0,0,0,1,0,0,0,0,0,0,1,0,0,0,0,0,0,0,0,99,0,,0,0,0,0,
23,6.05,0,-1.66,0,0,0,0,0,0.1755,6.05,0,0,-6.3,0,0,0,0,0.0572958,0,0,0,0,98,0,0,0,0,0,0,63,0,0.00034,0.00034,0,0,0,0,0,2,0,0,0,0,0,0,1,0,0,0,0,0,0,0,0,98,0,,0,0,0,0,
76,6.32,0,13.61,0,0,0,0,0,-1.487,6.1375,0,0,5.7,0,0,0,0,0.0572958,0,0,0,0,98,0,0,0,0,0,0,63,0,0.00034,0.00034,0,0,0,0,0,6.2,0,0,0,0,0,0,1,0,0,0,0,0,0,0,0,98,0,,0,0,0,0,
115,11.42,-0.12,11.04,0,0,0,0,0,-2.187,11.2125,0,-0.125,-16.3,0,0,0,0,0.0572958,0,0,0,0,65,0,0,0,0,0,0,63,0,0.00034,0.00034,0,0,0,0,0,0.8,0,0,0,0,0,0,1,0,0,0,0,0,0,0,0,99,0,,0,0,0,0,
END,Total:7
START,FrameNb:20,CameraNb:0,HeSaiNb:0,ARS410Nb:0
2026/08/02 16:23:50:328---->
heightOffset:0,1785659030328,1320021,selfCaliBufCnt:0,selfAccObjCnt:0,selfAccAngle:0,installHAngleOffset:0,Interpolation:0,installVAngleOffset:0,radarOffsetH:0,radarOffsetV:0.32,Polynom:-0.001023;-0.0511;-2.047;0;0;0;-0.001023;-0.0511;-2.047;-25.5;0;0,WheelDirection:0;0;0;0,selfAngleOffset:0,selfAngleOffsetPit:0,currCaliAngleHrz:0,currCaliAnglePit:0,selfCaliAngleHrz:0,selfCaliAnglePit:0,servCaliAngleHrz:0,servCaliAnglePit:0,offlineCaliAngleHrz:0,offlineCaliAnglePit:0,determine2useFlag:0,IMU_Z_Accel:0,IMU_X_AngularRate:0,IMU_Y_AngularRate:0,IMU_RollAngle:0,IMU_PitchAngle:0,IMU_YawAngle:0,FcwID:0,FCWWarningLevel:0,FCWTTC:0
14,10.5,0,-49.32,0,0,0,0,0,7.963,6.8375,-0.125,0,22.3,0,0,0,0,0.0572958,0,0,0,0,65,0,0,0,0,0,0,58,0,0.00034,0.00034,0,0,0,0,0,0.4,0,0,0,0,0,0,1,0,0,0,0,0,0,0,0,81,0,,0,0,0,0,
16,16.56,0,17.84,0,0,0,0,0,-5.0745,15.7625,-0.125,0,-17.7,0,0,0,0,0.0572958,0,0,0,0,96,0,0,0,0,0,0,58,0,0.00034,0.00034,0,0,0,0,0,0.8,0,0,0,0,0,0,1,0,0,0,0,0,0,0,0,30,0,,0,0,0,0,
20,6.92,0,-22.3,0,0,0,0,0,2.6255,6.4,0,0,4.9,0,0,0,0,0.0572958,0,0,0,0,90,0,0,0,0,0,0,58,0,0.00034,0.00034,0,0,0,0,0,1.2,0,0,0,0,0,0,1,0,0,0,0,0,0,0,0,99,0,,0,0,0,0,
21,9.22,0,-24.09,0,0,0,0,0,3.763,8.4125,-0.125,0,5.1,0,0,0,0,0.0572958,0,0,0,0,96,0,0,0,0,0,0,58,0,0.00034,0.00034,0,0,0,0,0,1,0,0,0,0,0,0,1,0,0,0,0,0,0,0,0,99,0,,0,0,0,0,
23,6.05,0,-1.66,0,0,0,0,0,0.1755,6.05,0,0,-6.3,0,0,0,0,0.0572958,0,0,0,0,98,0,0,0,0,0,0,58,0,0.00034,0.00034,0,0,0,0,0,2,0,0,0,0,0,0,1,0,0,0,0,0,0,0,0,98,0,,0,0,0,0,
76,6.32,0,13.61,0,0,0,0,0,-1.487,6.1375,0,0,5.7,0,0,0,0,0.0572958,0,0,0,0,98,0,0,0,0,0,0,58,0,0.00034,0.00034,0,0,0,0,0,6.2,0,0,0,0,0,0,1,0,0,0,0,0,0,0,0,98,0,,0,0,0,0,
115,11.42,-0.12,11.04,0,0,0,0,0,-2.187,11.2125,0,-0.125,-16.3,0,0,0,0,0.0572958,0,0,0,0,65,0,0,0,0,0,0,58,0,0.00034,0.00034,0,0,0,0,0,0.8,0,0,0,0,0,0,1,0,0,0,0,0,0,0,0,99,0,,0,0,0,0,
END,Total:7
START,FrameNb:21,CameraNb:0,HeSaiNb:0,ARS410Nb:0
2026/08/02 16:23:50:388---->
heightOffset:0,1785659030388,1320072,selfCaliBufCnt:0,selfAccObjCnt:0,selfAccAngle:0,installHAngleOffset:0,Interpolation:0,installVAngleOffset:0,radarOffsetH:0,radarOffsetV:0.32,Polynom:-0.001023;-0.0511;-2.047;0;0;0;-0.001023;-0.0511;-2.047;-25.5;0;0,WheelDirection:0;0;0;0,selfAngleOffset:0,selfAngleOffsetPit:0,currCaliAngleHrz:0,currCaliAnglePit:0,selfCaliAngleHrz:0,selfCaliAnglePit:0,servCaliAngleHrz:0,servCaliAnglePit:0,offlineCaliAngleHrz:0,offlineCaliAnglePit:0,determine2useFlag:0,IMU_Z_Accel:0,IMU_X_AngularRate:0,IMU_Y_AngularRate:0,IMU_RollAngle:0,IMU_PitchAngle:0,IMU_YawAngle:0,FcwID:0,FCWWarningLevel:0,FCWTTC:0
14,10.5,0,-49.32,0,0,0,0,0,7.963,6.8375,-0.125,0,22.3,0,0,0,0,0.0572958,0,0,0,0,65,0,0,0,0,0,0,59,0,0.00034,0.00034,0,0,0,0,0,0.4,0,0,0,0,0,0,1,0,0,0,0,0,0,0,0,81,0,,0,0,0,0,
16,16.56,0,17.84,0,0,0,0,0,-5.0745,15.7625,-0.125,0,-17.7,0,0,0,0,0.0572958,0,0,0,0,96,0,0,0,0,0,0,59,0,0.00034,0.00034,0,0,0,0,0,0.8,0,0,0,0,0,0,1,0,0,0,0,0,0,0,0,30,0,,0,0,0,0,
20,6.92,0,-22.3,0,0,0,0,0,2.6255,6.4,0,0,4.9,0,0,0,0,0.0572958,0,0,0,0,90,0,0,0,0,0,0,59,0,0.00034,0.00034,0,0,0,0,0,1.2,0,0,0,0,0,0,1,0,0,0,0,0,0,0,0,99,0,,0,0,0,0,
21,9.22,0,-24.09,0,0,0,0,0,3.763,8.4125,-0.125,0,5.1,0,0,0,0,0.0572958,0,0,0,0,96,0,0,0,0,0,0,59,0,0.00034,0.00034,0,0,0,0,0,1,0,0,0,0,0,0,1,0,0,0,0,0,0,0,0,99,0,,0,0,0,0,
23,6.05,0,-1.66,0,0,0,0,0,0.1755,6.05,0,0,-6.3,0,0,0,0,0.0572958,0,0,0,0,98,0,0,0,0,0,0,59,0,0.00034,0.00034,0,0,0,0,0,2,0,0,0,0,0,0,1,0,0,0,0,0,0,0,0,98,0,,0,0,0,0,
76,6.32,0,13.61,0,0,0,0,0,-1.487,6.1375,0,0,5.7,0,0,0,0,0.0572958,0,0,0,0,98,0,0,0,0,0,0,59,0,0.00034,0.00034,0,0,0,0,0,6.2,0,0,0,0,0,0,1,0,0,0,0,0,0,0,0,98,0,,0,0,0,0,
115,11.42,-0.12,11.04,0,0,0,0,0,-2.187,11.2125,0,-0.125,-16.3,0,0,0,0,0.0572958,0,0,0,0,65,0,0,0,0,0,0,59,0,0.00034,0.00034,0,0,0,0,0,0.8,0,0,0,0,0,0,1,0,0,0,0,0,0,0,0,99,0,,0,0,0,0,
END,Total:7
START,FrameNb:22,CameraNb:0,HeSaiNb:0,ARS410Nb:0
2026/08/02 16:23:50:449---->
heightOffset:0,1785659030449,1320122,selfCaliBufCnt:0,selfAccObjCnt:0,selfAccAngle:0,installHAngleOffset:0,Interpolation:0,installVAngleOffset:0,radarOffsetH:0,radarOffsetV:0.32,Polynom:-0.001023;-0.0511;-2.047;0;0;0;-0.001023;-0.0511;-2.047;-25.5;0;0,WheelDirection:0;0;0;0,selfAngleOffset:0,selfAngleOffsetPit:0,currCaliAngleHrz:0,currCaliAnglePit:0,selfCaliAngleHrz:0,selfCaliAnglePit:0,servCaliAngleHrz:0,servCaliAnglePit:0,offlineCaliAngleHrz:0,offlineCaliAnglePit:0,determine2useFlag:0,IMU_Z_Accel:0,IMU_X_AngularRate:0,IMU_Y_AngularRate:0,IMU_RollAngle:0,IMU_PitchAngle:0,IMU_YawAngle:0,FcwID:0,FCWWarningLevel:0,FCWTTC:0
14,10.5,0,-49.32,0,0,0,0,0,7.963,6.8375,-0.125,0,22.3,0,0,0,0,0.0572958,0,0,0,0,65,0,0,0,0,0,0,59,0,0.00034,0.00034,0,0,0,0,0,0.6,0,0,0,0,0,0,1,0,0,0,0,0,0,0,0,85,0,,0,0,0,0,
16,16.56,0,17.84,0,0,0,0,0,-5.0745,15.7625,-0.125,0,-17.7,0,0,0,0,0.0572958,0,0,0,0,96,0,0,0,0,0,0,59,0,0.00034,0.00034,0,0,0,0,0,0.8,0,0,0,0,0,0,1,0,0,0,0,0,0,0,0,30,0,,0,0,0,0,
20,6.92,0,-22.3,0,0,0,0,0,2.6255,6.4,0,0,4.9,0,0,0,0,0.0572958,0,0,0,0,91,0,0,0,0,0,0,59,0,0.00034,0.00034,0,0,0,0,0,1,0,0,0,0,0,0,1,0,0,0,0,0,0,0,0,99,0,,0,0,0,0,
21,9.22,0,-24.09,0,0,0,0,0,3.763,8.4125,-0.125,0,5.1,0,0,0,0,0.0572958,0,0,0,0,96,0,0,0,0,0,0,59,0,0.00034,0.00034,0,0,0,0,0,1,0,0,0,0,0,0,1,0,0,0,0,0,0,0,0,99,0,,0,0,0,0,
23,6.05,0,-1.66,0,0,0,0,0,0.1755,6.05,-0.125,0,-6.3,0,0,0,0,0.0572958,0,0,0,0,98,0,0,0,0,0,0,59,0,0.00034,0.00034,0,0,0,0,0,2,0,0,0,0,0,0,1,0,0,0,0,0,0,0,0,98,0,,0,0,0,0,
76,6.32,0,13.61,0,0,0,0,0,-1.487,6.1375,0,0,5.7,0,0,0,0,0.0572958,0,0,0,0,98,0,0,0,0,0,0,59,0,0.00034,0.00034,0,0,0,0,0,6.2,0,0,0,0,0,0,1,0,0,0,0,0,0,0,0,98,0,,0,0,0,0,
115,11.42,-0.12,11.04,0,0,0,0,0,-2.187,11.2125,0,-0.125,-16.3,0,0,0,0,0.0572958,0,0,0,0,65,0,0,0,0,0,0,59,0,0.00034,0.00034,0,0,0,0,0,0.8,0,0,0,0,0,0,1,0,0,0,0,0,0,0,0,99,0,,0,0,0,0,
END,Total:7
START,FrameNb:23,CameraNb:0,HeSaiNb:0,ARS410Nb:0
2026/08/02 16:23:50:486---->
heightOffset:0,1785659030486,1320171,selfCaliBufCnt:0,selfAccObjCnt:0,selfAccAngle:0,installHAngleOffset:0,Interpolation:0,installVAngleOffset:0,radarOffsetH:0,radarOffsetV:0.32,Polynom:-0.001023;-0.0511;-2.047;0;0;0;-0.001023;-0.0511;-2.047;-25.5;0;0,WheelDirection:0;0;0;0,selfAngleOffset:0,selfAngleOffsetPit:0,currCaliAngleHrz:0,currCaliAnglePit:0,selfCaliAngleHrz:0,selfCaliAnglePit:0,servCaliAngleHrz:0,servCaliAnglePit:0,offlineCaliAngleHrz:0,offlineCaliAnglePit:0,determine2useFlag:0,IMU_Z_Accel:0,IMU_X_AngularRate:0,IMU_Y_AngularRate:0,IMU_RollAngle:0,IMU_PitchAngle:0,IMU_YawAngle:0,FcwID:0,FCWWarningLevel:0,FCWTTC:0
14,10.5,0,-49.32,0,0,0,0,0,7.963,6.8375,-0.125,0,22.3,0,0,0,0,0.0572958,0,0,0,0,65,0,0,0,0,0,0,53,0,0.00034,0.00034,0,0,0,0,0,0.6,0,0,0,0,0,0,1,0,0,0,0,0,0,0,0,88,0,,0,0,0,0,
16,16.56,0,17.84,0,0,0,0,0,-5.0745,15.7625,-0.125,0,-17.7,0,0,0,0,0.0572958,0,0,0,0,96,0,0,0,0,0,0,53,0,0.00034,0.00034,0,0,0,0,0,0.8,0,0,0,0,0,0,1,0,0,0,0,0,0,0,0,30,0,,0,0,0,0,
20,6.92,0,-22.3,0,0,0,0,0,2.6255,6.4,0,0,4.9,0,0,0,0,0.0572958,0,0,0,0,91,0,0,0,0,0,0,53,0,0.00034,0.00034,0,0,0,0,0,1,0,0,0,0,0,0,1,0,0,0,0,0,0,0,0,99,0,,0,0,0,0,
21,9.22,0,-24.09,0,0,0,0,0,3.763,8.4125,-0.125,0,5.1,0,0,0,0,0.0572958,0,0,0,0,96,0,0,0,0,0,0,53,0,0.00034,0.00034,0,0,0,0,0,1,0,0,0,0,0,0,1,0,0,0,0,0,0,0,0,99,0,,0,0,0,0,
23,6.05,0,-1.66,0,0,0,0,0,0.1755,6.05,-0.125,0,-6.3,0,0,0,0,0.0572958,0,0,0,0,98,0,0,0,0,0,0,53,0,0.00034,0.00034,0,0,0,0,0,2,0,0,0,0,0,0,1,0,0,0,0,0,0,0,0,98,0,,0,0,0,0,
76,6.32,0,13.61,0,0,0,0,0,-1.487,6.1375,0,0,5.7,0,0,0,0,0.0572958,0,0,0,0,98,0,0,0,0,0,0,53,0,0.00034,0.00034,0,0,0,0,0,6.2,0,0,0,0,0,0,1,0,0,0,0,0,0,0,0,98,0,,0,0,0,0,
115,11.42,0,11.04,0,0,0,0,0,-2.187,11.2125,0,0,-16.3,0,0,0,0,0.0572958,0,0,0,0,65,0,0,0,0,0,0,53,0,0.00034,0.00034,0,0,0,0,0,0.8,0,0,0,0,0,0,1,0,0,0,0,0,0,0,0,99,0,,0,0,0,0,
END,Total:7
START,FrameNb:24,CameraNb:0,HeSaiNb:0,ARS410Nb:0
2026/08/02 16:23:50:550---->
heightOffset:0,1785659030550,1320222,selfCaliBufCnt:0,selfAccObjCnt:0,selfAccAngle:0,installHAngleOffset:0,Interpolation:0,installVAngleOffset:0,radarOffsetH:0,radarOffsetV:0.32,Polynom:-0.001023;-0.0511;-2.047;0;0;0;-0.001023;-0.0511;-2.047;-25.5;0;0,WheelDirection:0;0;0;0,selfAngleOffset:0,selfAngleOffsetPit:0,currCaliAngleHrz:0,currCaliAnglePit:0,selfCaliAngleHrz:0,selfCaliAnglePit:0,servCaliAngleHrz:0,servCaliAnglePit:0,offlineCaliAngleHrz:0,offlineCaliAnglePit:0,determine2useFlag:0,IMU_Z_Accel:0,IMU_X_AngularRate:0,IMU_Y_AngularRate:0,IMU_RollAngle:0,IMU_PitchAngle:0,IMU_YawAngle:0,FcwID:0,FCWWarningLevel:0,FCWTTC:0
14,10.5,0,-49.32,0,0,0,0,0,7.963,6.8375,-0.125,0,22.3,0,0,0,0,0.0572958,0,0,0,0,65,0,0,0,0,0,0,59,0,0.00034,0.00034,0,0,0,0,0,0.8,0,0,0,0,0,0,1,0,0,0,0,0,0,0,0,90,0,,0,0,0,0,
16,16.56,0,17.84,0,0,0,0,0,-5.0745,15.7625,-0.125,0,-17.9,0,0,0,0,0.0572958,0,0,0,0,96,0,0,0,0,0,0,59,0,0.00034,0.00034,0,0,0,0,0,0.8,0,0,0,0,0,0,1,0,0,0,0,0,0,0,0,30,0,,0,0,0,0,
20,6.92,0,-22.3,0,0,0,0,0,2.6255,6.4,0,0,4.9,0,0,0,0,0.0572958,0,0,0,0,91,0,0,0,0,0,0,59,0,0.00034,0.00034,0,0,0,0,0,1,0,0,0,0,0,0,1,0,0,0,0,0,0,0,0,99,0,,0,0,0,0,
21,9.22,0,-24.09,0,0,0,0,0,3.763,8.4125,-0.125,0,5.1,0,0,0,0,0.0572958,0,0,0,0,96,0,0,0,0,0,0,59,0,0.00034,0.00034,0,0,0,0,0,1,0,0,0,0,0,0,1,0,0,0,0,0,0,0,0,99,0,,0,0,0,0,
23,6.05,0,-1.66,0,0,0,0,0,0.1755,6.05,-0.125,0,-6.3,0,0,0,0,0.0572958,0,0,0,0,98,0,0,0,0,0,0,59,0,0.00034,0.00034,0,0,0,0,0,1.6,0,0,0,0,0,0,1,0,0,0,0,0,0,0,0,98,0,,0,0,0,0,
76,6.32,0,13.61,0,0,0,0,0,-1.487,6.1375,-0.125,0,5.7,0,0,0,0,0.0572958,0,0,0,0,98,0,0,0,0,0,0,59,0,0.00034,0.00034,0,0,0,0,0,6.2,0,0,0,0,0,0,1,0,0,0,0,0,0,0,0,98,0,,0,0,0,0,
115,11.42,0,11.04,0,0,0,0,0,-2.187,11.2125,0,0,-16.3,0,0,0,0,0.0572958,0,0,0,0,65,0,0,0,0,0,0,59,0,0.00034,0.00034,0,0,0,0,0,0.8,0,0,0,0,0,0,1,0,0,0,0,0,0,0,0,99,0,,0,0,0,0,
END,Total:7
START,FrameNb:25,CameraNb:0,HeSaiNb:0,ARS410Nb:0
2026/08/02 16:23:50:583---->
heightOffset:0,1785659030583,1320271,selfCaliBufCnt:0,selfAccObjCnt:0,selfAccAngle:0,installHAngleOffset:0,Interpolation:0,installVAngleOffset:0,radarOffsetH:0,radarOffsetV:0.32,Polynom:-0.001023;-0.0511;-2.047;0;0;0;-0.001023;-0.0511;-2.047;-25.5;0;0,WheelDirection:0;0;0;0,selfAngleOffset:0,selfAngleOffsetPit:0,currCaliAngleHrz:0,currCaliAnglePit:0,selfCaliAngleHrz:0,selfCaliAnglePit:0,servCaliAngleHrz:0,servCaliAnglePit:0,offlineCaliAngleHrz:0,offlineCaliAnglePit:0,determine2useFlag:0,IMU_Z_Accel:0,IMU_X_AngularRate:0,IMU_Y_AngularRate:0,IMU_RollAngle:0,IMU_PitchAngle:0,IMU_YawAngle:0,FcwID:0,FCWWarningLevel:0,FCWTTC:0
14,10.5,0,-49.32,0,0,0,0,0,7.963,6.8375,-0.125,0,22.3,0,0,0,0,0.0572958,0,0,0,0,65,0,0,0,0,0,0,53,0,0.00034,0.00034,0,0,0,0,0,0.8,0,0,0,0,0,0,1,0,0,0,0,0,0,0,0,92,0,,0,0,0,0,
16,16.56,0,17.84,0,0,0,0,0,-5.0745,15.7625,-0.125,0,-17.7,0,0,0,0,0.0572958,0,0,0,0,96,0,0,0,0,0,0,53,0,0.00034,0.00034,0,0,0,0,0,0.8,0,0,0,0,0,0,1,0,0,0,0,0,0,0,0,30,0,,0,0,0,0,
20,6.92,0,-22.3,0,0,0,0,0,2.6255,6.4,0,0,4.9,0,0,0,0,0.0572958,0,0,0,0,91,0,0,0,0,0,0,53,0,0.00034,0.00034,0,0,0,0,0,1,0,0,0,0,0,0,1,0,0,0,0,0,0,0,0,99,0,,0,0,0,0,
21,9.22,0,-24.09,0,0,0,0,0,3.763,8.4125,-0.125,0,5.1,0,0,0,0,0.0572958,0,0,0,0,96,0,0,0,0,0,0,53,0,0.00034,0.00034,0,0,0,0,0,1,0,0,0,0,0,0,1,0,0,0,0,0,0,0,0,99,0,,0,0,0,0,
23,6.05,0,-1.66,0,0,0,0,0,0.1755,6.05,-0.125,0,-6.3,0,0,0,0,0.0572958,0,0,0,0,98,0,0,0,0,0,0,53,0,0.00034,0.00034,0,0,0,0,0,1.8,0,0,0,0,0,0,1,0,0,0,0,0,0,0,0,98,0,,0,0,0,0,
76,6.32,0,13.61,0,0,0,0,0,-1.487,6.1375,0,0,5.7,0,0,0,0,0.0572958,0,0,0,0,98,0,0,0,0,0,0,53,0,0.00034,0.00034,0,0,0,0,0,6.2,0,0,0,0,0,0,1,0,0,0,0,0,0,0,0,98,0,,0,0,0,0,
115,11.42,0,11.04,0,0,0,0,0,-2.187,11.2125,0,0,-16.3,0,0,0,0,0.0572958,0,0,0,0,65,0,0,0,0,0,0,53,0,0.00034,0.00034,0,0,0,0,0,0.8,0,0,0,0,0,0,1,0,0,0,0,0,0,0,0,99,0,,0,0,0,0,
END,Total:7
START,FrameNb:26,CameraNb:0,HeSaiNb:0,ARS410Nb:0
2026/08/02 16:23:50:639---->
heightOffset:0,1785659030639,1320321,selfCaliBufCnt:0,selfAccObjCnt:0,selfAccAngle:0,installHAngleOffset:0,Interpolation:0,installVAngleOffset:0,radarOffsetH:0,radarOffsetV:0.32,Polynom:-0.001023;-0.0511;-2.047;0;0;0;-0.001023;-0.0511;-2.047;-25.5;0;0,WheelDirection:0;0;0;0,selfAngleOffset:0,selfAngleOffsetPit:0,currCaliAngleHrz:0,currCaliAnglePit:0,selfCaliAngleHrz:0,selfCaliAnglePit:0,servCaliAngleHrz:0,servCaliAnglePit:0,offlineCaliAngleHrz:0,offlineCaliAnglePit:0,determine2useFlag:0,IMU_Z_Accel:0,IMU_X_AngularRate:0,IMU_Y_AngularRate:0,IMU_RollAngle:0,IMU_PitchAngle:0,IMU_YawAngle:0,FcwID:0,FCWWarningLevel:0,FCWTTC:0
14,10.5,0,-49.32,0,0,0,0,0,7.963,6.8375,-0.125,0,22.3,0,0,0,0,0.0572958,0,0,0,0,65,0,0,0,0,0,0,61,0,0.00034,0.00034,0,0,0,0,0,0.8,0,0,0,0,0,0,1,0,0,0,0,0,0,0,0,94,0,,0,0,0,0,
16,16.56,0,17.84,0,0,0,0,0,-5.0745,15.7625,-0.125,0,-17.7,0,0,0,0,0.0572958,0,0,0,0,96,0,0,0,0,0,0,61,0,0.00034,0.00034,0,0,0,0,0,0.8,0,0,0,0,0,0,1,0,0,0,0,0,0,0,0,30,0,,0,0,0,0,
20,6.92,0,-22.3,0,0,0,0,0,2.6255,6.4,0,0,4.9,0,0,0,0,0.0572958,0,0,0,0,91,0,0,0,0,0,0,61,0,0.00034,0.00034,0,0,0,0,0,1,0,0,0,0,0,0,1,0,0,0,0,0,0,0,0,99,0,,0,0,0,0,
21,9.22,0,-24.09,0,0,0,0,0,3.763,8.4125,-0.125,0,5.1,0,0,0,0,0.0572958,0,0,0,0,96,0,0,0,0,0,0,61,0,0.00034,0.00034,0,0,0,0,0,1,0,0,0,0,0,0,1,0,0,0,0,0,0,0,0,99,0,,0,0,0,0,
23,6.05,0,-1.66,0,0,0,0,0,0.1755,6.05,-0.125,0,-6.3,0,0,0,0,0.0572958,0,0,0,0,98,0,0,0,0,0,0,61,0,0.00034,0.00034,0,0,0,0,0,1.8,0,0,0,0,0,0,1,0,0,0,0,0,0,0,0,98,0,,0,0,0,0,
76,6.32,0,13.61,0,0,0,0,0,-1.487,6.1375,-0.125,0,5.7,0,0,0,0,0.0572958,0,0,0,0,98,0,0,0,0,0,0,61,0,0.00034,0.00034,0,0,0,0,0,6.2,0,0,0,0,0,0,1,0,0,0,0,0,0,0,0,98,0,,0,0,0,0,
115,11.42,0,11.04,0,0,0,0,0,-2.187,11.2125,0,0,-16.3,0,0,0,0,0.0572958,0,0,0,0,65,0,0,0,0,0,0,61,0,0.00034,0.00034,0,0,0,0,0,0.8,0,0,0,0,0,0,1,0,0,0,0,0,0,0,0,99,0,,0,0,0,0,
END,Total:7
START,FrameNb:27,CameraNb:0,HeSaiNb:0,ARS410Nb:0
2026/08/02 16:23:50:698---->
heightOffset:0,1785659030698,1320371,selfCaliBufCnt:0,selfAccObjCnt:0,selfAccAngle:0,installHAngleOffset:0,Interpolation:0,installVAngleOffset:0,radarOffsetH:0,radarOffsetV:0.32,Polynom:-0.001023;-0.0511;-2.047;0;0;0;-0.001023;-0.0511;-2.047;-25.5;0;0,WheelDirection:0;0;0;0,selfAngleOffset:0,selfAngleOffsetPit:0,currCaliAngleHrz:0,currCaliAnglePit:0,selfCaliAngleHrz:0,selfCaliAnglePit:0,servCaliAngleHrz:0,servCaliAnglePit:0,offlineCaliAngleHrz:0,offlineCaliAnglePit:0,determine2useFlag:0,IMU_Z_Accel:0,IMU_X_AngularRate:0,IMU_Y_AngularRate:0,IMU_RollAngle:0,IMU_PitchAngle:0,IMU_YawAngle:0,FcwID:0,FCWWarningLevel:0,FCWTTC:0
14,10.5,0,-49.32,0,0,0,0,0,7.963,6.8375,-0.125,0,22.3,0,0,0,0,0.0572958,0,0,0,0,65,0,0,0,0,0,0,59,0,0.00034,0.00034,0,0,0,0,0,0.8,0,0,0,0,0,0,1,0,0,0,0,0,0,0,0,95,0,,0,0,0,0,
16,16.56,0,17.84,0,0,0,0,0,-5.0745,15.7625,-0.125,0,-17.7,0,0,0,0,0.0572958,0,0,0,0,96,0,0,0,0,0,0,59,0,0.00034,0.00034,0,0,0,0,0,0.8,0,0,0,0,0,0,1,0,0,0,0,0,0,0,0,30,0,,0,0,0,0,
20,6.92,0,-22.3,0,0,0,0,0,2.6255,6.4,0,0,4.9,0,0,0,0,0.0572958,0,0,0,0,92,0,0,0,0,0,0,59,0,0.00034,0.00034,0,0,0,0,0,1,0,0,0,0,0,0,1,0,0,0,0,0,0,0,0,99,0,,0,0,0,0,
21,9.22,0,-24.09,0,0,0,0,0,3.763,8.4125,-0.125,0,5.3,0,0,0,0,0.0572958,0,0,0,0,96,0,0,0,0,0,0,59,0,0.00034,0.00034,0,0,0,0,0,1,0,0,0,0,0,0,1,0,0,0,0,0,0,0,0,99,0,,0,0,0,0,
23,6.05,0,-1.66,0,0,0,0,0,0.1755,6.05,-0.125,0,-6.3,0,0,0,0,0.0572958,0,0,0,0,98,0,0,0,0,0,0,59,0,0.00034,0.00034,0,0,0,0,0,1.8,0,0,0,0,0,0,1,0,0,0,0,0,0,0,0,98,0,,0,0,0,0,
76,6.32,0,13.61,0,0,0,0,0,-1.487,6.1375,0,0,5.7,0,0,0,0,0.0572958,0,0,0,0,98,0,0,0,0,0,0,59,0,0.00034,0.00034,0,0,0,0,0,6.2,0,0,0,0,0,0,1,0,0,0,0,0,0,0,0,98,0,,0,0,0,0,
115,11.42,0,11.04,0,0,0,0,0,-2.187,11.2125,0,0,-16.3,0,0,0,0,0.0572958,0,0,0,0,65,0,0,0,0,0,0,59,0,0.00034,0.00034,0,0,0,0,0,0.8,0,0,0,0,0,0,1,0,0,0,0,0,0,0,0,99,0,,0,0,0,0,
END,Total:7
START,FrameNb:28,CameraNb:0,HeSaiNb:0,ARS410Nb:0
2026/08/02 16:23:50:735---->
heightOffset:0,1785659030735,1320421,selfCaliBufCnt:0,selfAccObjCnt:0,selfAccAngle:0,installHAngleOffset:0,Interpolation:0,installVAngleOffset:0,radarOffsetH:0,radarOffsetV:0.32,Polynom:-0.001023;-0.0511;-2.047;0;0;0;-0.001023;-0.0511;-2.047;-25.5;0;0,WheelDirection:0;0;0;0,selfAngleOffset:0,selfAngleOffsetPit:0,currCaliAngleHrz:0,currCaliAnglePit:0,selfCaliAngleHrz:0,selfCaliAnglePit:0,servCaliAngleHrz:0,servCaliAnglePit:0,offlineCaliAngleHrz:0,offlineCaliAnglePit:0,determine2useFlag:0,IMU_Z_Accel:0,IMU_X_AngularRate:0,IMU_Y_AngularRate:0,IMU_RollAngle:0,IMU_PitchAngle:0,IMU_YawAngle:0,FcwID:0,FCWWarningLevel:0,FCWTTC:0
14,10.5,0,-49.32,0,0,0,0,0,7.963,6.8375,-0.125,0,22.3,0,0,0,0,0.0572958,0,0,0,0,65,0,0,0,0,0,0,61,0,0.00034,0.00034,0,0,0,0,0,0.8,0,0,0,0,0,0,1,0,0,0,0,0,0,0,0,95,0,,0,0,0,0,
16,16.56,0,17.84,0,0,0,0,0,-5.0745,15.7625,0,0,-17.7,0,0,0,0,0.0572958,0,0,0,0,96,0,0,0,0,0,0,61,0,0.00034,0.00034,0,0,0,0,0,0.8,0,0,0,0,0,0,1,0,0,0,0,0,0,0,0,30,0,,0,0,0,0,
20,6.92,0,-22.3,0,0,0,0,0,2.6255,6.4,0,0,4.9,0,0,0,0,0.0572958,0,0,0,0,92,0,0,0,0,0,0,61,0,0.00034,0.00034,0,0,0,0,0,1,0,0,0,0,0,0,1,0,0,0,0,0,0,0,0,99,0,,0,0,0,0,
21,9.22,0,-24.09,0,0,0,0,0,3.763,8.4125,-0.125,0,5.3,0,0,0,0,0.0572958,0,0,0,0,96,0,0,0,0,0,0,61,0,0.00034,0.00034,0,0,0,0,0,0.8,0,0,0,0,0,0,1,0,0,0,0,0,0,0,0,99,0,,0,0,0,0,
23,6.05,0,-1.66,0,0,0,0,0,0.1755,6.05,-0.125,0,-6.3,0,0,0,0,0.0572958,0,0,0,0,98,0,0,0,0,0,0,61,0,0.00034,0.00034,0,0,0,0,0,1.8,0,0,0,0,0,0,1,0,0,0,0,0,0,0,0,98,0,,0,0,0,0,
76,6.32,0,13.61,0,0,0,0,0,-1.487,6.1375,-0.125,0,5.7,0,0,0,0,0.0572958,0,0,0,0,98,0,0,0,0,0,0,61,0,0.00034,0.00034,0,0,0,0,0,6.2,0,0,0,0,0,0,1,0,0,0,0,0,0,0,0,98,0,,0,0,0,0,
115,11.42,0,11.04,0,0,0,0,0,-2.187,11.2125,0,0,-16.3,0,0,0,0,0.0572958,0,0,0,0,65,0,0,0,0,0,0,61,0,0.00034,0.00034,0,0,0,0,0,0.8,0,0,0,0,0,0,1,0,0,0,0,0,0,0,0,99,0,,0,0,0,0,
END,Total:7
START,FrameNb:29,CameraNb:0,HeSaiNb:0,ARS410Nb:0
2026/08/02 16:23:50:796---->
heightOffset:0,1785659030796,1320472,selfCaliBufCnt:0,selfAccObjCnt:0,selfAccAngle:0,installHAngleOffset:0,Interpolation:0,installVAngleOffset:0,radarOffsetH:0,radarOffsetV:0.32,Polynom:-0.001023;-0.0511;-2.047;0;0;0;-0.001023;-0.0511;-2.047;-25.5;0;0,WheelDirection:0;0;0;0,selfAngleOffset:0,selfAngleOffsetPit:0,currCaliAngleHrz:0,currCaliAnglePit:0,selfCaliAngleHrz:0,selfCaliAnglePit:0,servCaliAngleHrz:0,servCaliAnglePit:0,offlineCaliAngleHrz:0,offlineCaliAnglePit:0,determine2useFlag:0,IMU_Z_Accel:0,IMU_X_AngularRate:0,IMU_Y_AngularRate:0,IMU_RollAngle:0,IMU_PitchAngle:0,IMU_YawAngle:0,FcwID:0,FCWWarningLevel:0,FCWTTC:0
14,10.5,0,-49.32,0,0,0,0,0,7.963,6.8375,-0.125,0,22.3,0,0,0,0,0.0572958,0,0,0,0,65,0,0,0,0,0,0,54,0,0.00034,0.00034,0,0,0,0,0,0.8,0,0,0,0,0,0,1,0,0,0,0,0,0,0,0,95,0,,0,0,0,0,
16,16.56,0,17.84,0,0,0,0,0,-5.0745,15.7625,0,0,-17.7,0,0,0,0,0.0572958,0,0,0,0,96,0,0,0,0,0,0,54,0,0.00034,0.00034,0,0,0,0,0,0.8,0,0,0,0,0,0,1,0,0,0,0,0,0,0,0,30,0,,0,0,0,0,
20,6.92,0,-22.3,0,0,0,0,0,2.6255,6.4,0,0,4.9,0,0,0,0,0.0572958,0,0,0,0,92,0,0,0,0,0,0,54,0,0.00034,0.00034,0,0,0,0,0,1,0,0,0,0,0,0,1,0,0,0,0,0,0,0,0,99,0,,0,0,0,0,
21,9.22,0,-24.09,0,0,0,0,0,3.763,8.4125,-0.125,0,5.3,0,0,0,0,0.0572958,0,0,0,0,96,0,0,0,0,0,0,54,0,0.00034,0.00034,0,0,0,0,0,0.8,0,0,0,0,0,0,1,0,0,0,0,0,0,0,0,99,0,,0,0,0,0,
23,6.05,0,-1.66,0,0,0,0,0,0.1755,6.05,-0.125,0,-6.3,0,0,0,0,0.0572958,0,0,0,0,98,0,0,0,0,0,0,54,0,0.00034,0.00034,0,0,0,0,0,1.8,0,0,0,0,0,0,1,0,0,0,0,0,0,0,0,98,0,,0,0,0,0,
76,6.32,0,13.61,0,0,0,0,0,-1.487,6.1375,-0.125,0,5.7,0,0,0,0,0.0572958,0,0,0,0,98,0,0,0,0,0,0,54,0,0.00034,0.00034,0,0,0,0,0,6.2,0,0,0,0,0,0,1,0,0,0,0,0,0,0,0,98,0,,0,0,0,0,
115,11.42,0,11.04,0,0,0,0,0,-2.187,11.2125,0,0,-16.3,0,0,0,0,0.0572958,0,0,0,0,65,0,0,0,0,0,0,54,0,0.00034,0.00034,0,0,0,0,0,0.8,0,0,0,0,0,0,1,0,0,0,0,0,0,0,0,99,0,,0,0,0,0,
END,Total:7
START,FrameNb:30,CameraNb:0,HeSaiNb:0,ARS410Nb:0
2026/08/02 16:23:50:859---->
heightOffset:0,1785659030859,1320522,selfCaliBufCnt:0,selfAccObjCnt:0,selfAccAngle:0,installHAngleOffset:0,Interpolation:0,installVAngleOffset:0,radarOffsetH:0,radarOffsetV:0.32,Polynom:-0.001023;-0.0511;-2.047;0;0;0;-0.001023;-0.0511;-2.047;-25.5;0;0,WheelDirection:0;0;0;0,selfAngleOffset:0,selfAngleOffsetPit:0,currCaliAngleHrz:0,currCaliAnglePit:0,selfCaliAngleHrz:0,selfCaliAnglePit:0,servCaliAngleHrz:0,servCaliAnglePit:0,offlineCaliAngleHrz:0,offlineCaliAnglePit:0,determine2useFlag:0,IMU_Z_Accel:0,IMU_X_AngularRate:0,IMU_Y_AngularRate:0,IMU_RollAngle:0,IMU_PitchAngle:0,IMU_YawAngle:0,FcwID:0,FCWWarningLevel:0,FCWTTC:0
14,10.5,0,-49.32,0,0,0,0,0,7.963,6.8375,-0.125,0,22.3,0,0,0,0,0.0572958,0,0,0,0,65,0,0,0,0,0,0,54,0,0.00034,0.00034,0,0,0,0,0,0.8,0,0,0,0,0,0,1,0,0,0,0,0,0,0,0,96,0,,0,0,0,0,
16,16.56,-0.12,17.84,0,0,0,0,0,-5.0745,15.7625,0,-0.125,-17.7,0,0,0,0,0.0572958,0,0,0,0,96,0,0,0,0,0,0,54,0,0.00034,0.00034,0,0,0,0,0,0.8,0,0,0,0,0,0,1,0,0,0,0,0,0,0,0,30,0,,0,0,0,0,
20,6.92,0,-22.3,0,0,0,0,0,2.6255,6.4,0,0,4.9,0,0,0,0,0.0572958,0,0,0,0,92,0,0,0,0,0,0,54,0,0.00034,0.00034,0,0,0,0,0,1,0,0,0,0,0,0,1,0,0,0,0,0,0,0,0,99,0,,0,0,0,0,
21,9.22,0,-24.09,0,0,0,0,0,3.763,8.4125,-0.125,0,5.3,0,0,0,0,0.0572958,0,0,0,0,96,0,0,0,0,0,0,54,0,0.00034,0.00034,0,0,0,0,0,0.8,0,0,0,0,0,0,1,0,0,0,0,0,0,0,0,99,0,,0,0,0,0,
23,6.05,0,-1.66,0,0,0,0,0,0.1755,6.05,-0.125,0,-6.3,0,0,0,0,0.0572958,0,0,0,0,98,0,0,0,0,0,0,54,0,0.00034,0.00034,0,0,0,0,0,1.8,0,0,0,0,0,0,1,0,0,0,0,0,0,0,0,98,0,,0,0,0,0,
76,6.32,0,13.61,0,0,0,0,0,-1.487,6.1375,0,0,5.7,0,0,0,0,0.0572958,0,0,0,0,98,0,0,0,0,0,0,54,0,0.00034,0.00034,0,0,0,0,0,6.2,0,0,0,0,0,0,1,0,0,0,0,0,0,0,0,98,0,,0,0,0,0,
115,11.42,-0.12,11.04,0,0,0,0,0,-2.187,11.2125,0,-0.125,-16.3,0,0,0,0,0.0572958,0,0,0,0,65,0,0,0,0,0,0,54,0,0.00034,0.00034,0,0,0,0,0,0.8,0,0,0,0,0,0,1,0,0,0,0,0,0,0,0,99,0,,0,0,0,0,
END,Total:7
START,FrameNb:31,CameraNb:0,HeSaiNb:0,ARS410Nb:0
2026/08/02 16:23:50:888---->
heightOffset:0,1785659030888,1320572,selfCaliBufCnt:0,selfAccObjCnt:0,selfAccAngle:0,installHAngleOffset:0,Interpolation:0,installVAngleOffset:0,radarOffsetH:0,radarOffsetV:0.32,Polynom:-0.001023;-0.0511;-2.047;0;0;0;-0.001023;-0.0511;-2.047;-25.5;0;0,WheelDirection:0;0;0;0,selfAngleOffset:0,selfAngleOffsetPit:0,currCaliAngleHrz:0,currCaliAnglePit:0,selfCaliAngleHrz:0,selfCaliAnglePit:0,servCaliAngleHrz:0,servCaliAnglePit:0,offlineCaliAngleHrz:0,offlineCaliAnglePit:0,determine2useFlag:0,IMU_Z_Accel:0,IMU_X_AngularRate:0,IMU_Y_AngularRate:0,IMU_RollAngle:0,IMU_PitchAngle:0,IMU_YawAngle:0,FcwID:0,FCWWarningLevel:0,FCWTTC:0
14,10.5,0,-49.32,0,0,0,0,0,7.963,6.8375,-0.125,0,22.3,0,0,0,0,0.0572958,0,0,0,0,65,0,0,0,0,0,0,58,0,0.00034,0.00034,0,0,0,0,0,0.8,0,0,0,0,0,0,1,0,0,0,0,0,0,0,0,97,0,,0,0,0,0,
16,16.56,-0.12,17.84,0,0,0,0,0,-5.0745,15.7625,0,-0.125,-17.7,0,0,0,0,0.0572958,0,0,0,0,96,0,0,0,0,0,0,58,0,0.00034,0.00034,0,0,0,0,0,0.8,0,0,0,0,0,0,1,0,0,0,0,0,0,0,0,30,0,,0,0,0,0,
20,6.92,0,-22.3,0,0,0,0,0,2.6255,6.4,0,0,4.9,0,0,0,0,0.0572958,0,0,0,0,92,0,0,0,0,0,0,58,0,0.00034,0.00034,0,0,0,0,0,1,0,0,0,0,0,0,1,0,0,0,0,0,0,0,0,99,0,,0,0,0,0,
21,9.22,0,-24.09,0,0,0,0,0,3.763,8.4125,-0.125,0,5.3,0,0,0,0,0.0572958,0,0,0,0,96,0,0,0,0,0,0,58,0,0.00034,0.00034,0,0,0,0,0,0.8,0,0,0,0,0,0,1,0,0,0,0,0,0,0,0,99,0,,0,0,0,0,
23,6.05,0,-1.66,0,0,0,0,0,0.1755,6.05,-0.125,0,-6.3,0,0,0,0,0.0572958,0,0,0,0,98,0,0,0,0,0,0,58,0,0.00034,0.00034,0,0,0,0,0,1.6,0,0,0,0,0,0,1,0,0,0,0,0,0,0,0,98,0,,0,0,0,0,
76,6.32,0,13.61,0,0,0,0,0,-1.487,6.1375,-0.125,0,5.7,0,0,0,0,0.0572958,0,0,0,0,98,0,0,0,0,0,0,58,0,0.00034,0.00034,0,0,0,0,0,6.2,0,0,0,0,0,0,1,0,0,0,0,0,0,0,0,98,0,,0,0,0,0,
115,11.42,0,11.04,0,0,0,0,0,-2.187,11.2125,0,0,-16.3,0,0,0,0,0.0572958,0,0,0,0,65,0,0,0,0,0,0,58,0,0.00034,0.00034,0,0,0,0,0,0.8,0,0,0,0,0,0,1,0,0,0,0,0,0,0,0,99,0,,0,0,0,0,
END,Total:7
START,FrameNb:32,CameraNb:0,HeSaiNb:0,ARS410Nb:0
2026/08/02 16:23:50:943---->
heightOffset:0,1785659030943,1320621,selfCaliBufCnt:0,selfAccObjCnt:0,selfAccAngle:0,installHAngleOffset:0,Interpolation:0,installVAngleOffset:0,radarOffsetH:0,radarOffsetV:0.32,Polynom:-0.001023;-0.0511;-2.047;0;0;0;-0.001023;-0.0511;-2.047;-25.5;0;0,WheelDirection:0;0;0;0,selfAngleOffset:0,selfAngleOffsetPit:0,currCaliAngleHrz:0,currCaliAnglePit:0,selfCaliAngleHrz:0,selfCaliAnglePit:0,servCaliAngleHrz:0,servCaliAnglePit:0,offlineCaliAngleHrz:0,offlineCaliAnglePit:0,determine2useFlag:0,IMU_Z_Accel:0,IMU_X_AngularRate:0,IMU_Y_AngularRate:0,IMU_RollAngle:0,IMU_PitchAngle:0,IMU_YawAngle:0,FcwID:0,FCWWarningLevel:0,FCWTTC:0
14,10.5,0,-49.32,0,0,0,0,0,7.963,6.8375,-0.125,0,22.3,0,0,0,0,0.0572958,0,0,0,0,65,0,0,0,0,0,0,54,0,0.00034,0.00034,0,0,0,0,0,0.8,0,0,0,0,0,0,1,0,0,0,0,0,0,0,0,97,0,,0,0,0,0,
16,16.56,-0.12,17.84,0,0,0,0,0,-5.0745,15.7625,0,-0.125,-17.7,0,0,0,0,0.0572958,0,0,0,0,96,0,0,0,0,0,0,54,0,0.00034,0.00034,0,0,0,0,0,0.8,0,0,0,0,0,0,1,0,0,0,0,0,0,0,0,30,0,,0,0,0,0,
20,6.92,0,-22.3,0,0,0,0,0,2.6255,6.4,0,0,4.9,0,0,0,0,0.0572958,0,0,0,0,93,0,0,0,0,0,0,54,0,0.00034,0.00034,0,0,0,0,0,1,0,0,0,0,0,0,1,0,0,0,0,0,0,0,0,99,0,,0,0,0,0,
21,9.22,0,-24.09,0,0,0,0,0,3.763,8.4125,-0.125,0,5.1,0,0,0,0,0.0572958,0,0,0,0,96,0,0,0,0,0,0,54,0,0.00034,0.00034,0,0,0,0,0,0.8,0,0,0,0,0,0,1,0,0,0,0,0,0,0,0,99,0,,0,0,0,0,
23,6.05,0,-1.66,0,0,0,0,0,0.1755,6.05,-0.125,0,-6.3,0,0,0,0,0.0572958,0,0,0,0,98,0,0,0,0,0,0,54,0,0.00034,0.00034,0,0,0,0,0,1.6,0,0,0,0,0,0,1,0,0,0,0,0,0,0,0,98,0,,0,0,0,0,
76,6.32,0,13.61,0,0,0,0,0,-1.487,6.1375,0,0,5.7,0,0,0,0,0.0572958,0,0,0,0,98,0,0,0,0,0,0,54,0,0.00034,0.00034,0,0,0,0,0,6.2,0,0,0,0,0,0,1,0,0,0,0,0,0,0,0,98,0,,0,0,0,0,
115,11.42,0,11.04,0,0,0,0,0,-2.187,11.2125,0,0,-16.5,0,0,0,0,0.0572958,0,0,0,0,65,0,0,0,0,0,0,54,0,0.00034,0.00034,0,0,0,0,0,0.8,0,0,0,0,0,0,1,0,0,0,0,0,0,0,0,99,0,,0,0,0,0,
END,Total:7
START,FrameNb:33,CameraNb:0,HeSaiNb:0,ARS410Nb:0
2026/08/02 16:23:50:983---->
heightOffset:0,1785659030983,1320671,selfCaliBufCnt:0,selfAccObjCnt:0,selfAccAngle:0,installHAngleOffset:0,Interpolation:0,installVAngleOffset:0,radarOffsetH:0,radarOffsetV:0.32,Polynom:-0.001023;-0.0511;-2.047;0;0;0;-0.001023;-0.0511;-2.047;-25.5;0;0,WheelDirection:0;0;0;0,selfAngleOffset:0,selfAngleOffsetPit:0,currCaliAngleHrz:0,currCaliAnglePit:0,selfCaliAngleHrz:0,selfCaliAnglePit:0,servCaliAngleHrz:0,servCaliAnglePit:0,offlineCaliAngleHrz:0,offlineCaliAnglePit:0,determine2useFlag:0,IMU_Z_Accel:0,IMU_X_AngularRate:0,IMU_Y_AngularRate:0,IMU_RollAngle:0,IMU_PitchAngle:0,IMU_YawAngle:0,FcwID:0,FCWWarningLevel:0,FCWTTC:0
14,10.5,-0.08,-49.32,0,0,0,0,0,7.963,6.8375,0,-0.125,22.3,0,0,0,0,0.0572958,0,0,0,0,65,0,0,0,0,0,0,58,0,0.00034,0.00034,0,0,0,0,0,0.8,0,0,0,0,0,0,1,0,0,0,0,0,0,0,0,98,0,,0,0,0,0,
16,16.56,-0.12,17.84,0,0,0,0,0,-5.0745,15.7625,0,-0.125,-17.7,0,0,0,0,0.0572958,0,0,0,0,96,0,0,0,0,0,0,58,0,0.00034,0.00034,0,0,0,0,0,0.8,0,0,0,0,0,0,1,0,0,0,0,0,0,0,0,30,0,,0,0,0,0,
20,6.92,0,-22.3,0,0,0,0,0,2.6255,6.4,0,0,4.9,0,0,0,0,0.0572958,0,0,0,0,93,0,0,0,0,0,0,58,0,0.00034,0.00034,0,0,0,0,0,1,0,0,0,0,0,0,1,0,0,0,0,0,0,0,0,99,0,,0,0,0,0,
21,9.22,0,-24.09,0,0,0,0,0,3.763,8.4125,-0.125,0,5.1,0,0,0,0,0.0572958,0,0,0,0,96,0,0,0,0,0,0,58,0,0.00034,0.00034,0,0,0,0,0,0.8,0,0,0,0,0,0,1,0,0,0,0,0,0,0,0,99,0,,0,0,0,0,
23,6.05,0,-1.66,0,0,0,0,0,0.1755,6.05,-0.125,0,-6.3,0,0,0,0,0.0572958,0,0,0,0,98,0,0,0,0,0,0,58,0,0.00034,0.00034,0,0,0,0,0,1.8,0,0,0,0,0,0,1,0,0,0,0,0,0,0,0,98,0,,0,0,0,0,
76,6.32,0,13.61,0,0,0,0,0,-1.487,6.1375,0,0,5.7,0,0,0,0,0.0572958,0,0,0,0,98,0,0,0,0,0,0,58,0,0.00034,0.00034,0,0,0,0,0,6.2,0,0,0,0,0,0,1,0,0,0,0,0,0,0,0,98,0,,0,0,0,0,
115,11.42,-0.12,11.04,0,0,0,0,0,-2.187,11.2125,0,-0.125,-16.5,0,0,0,0,0.0572958,0,0,0,0,65,0,0,0,0,0,0,58,0,0.00034,0.00034,0,0,0,0,0,0.8,0,0,0,0,0,0,1,0,0,0,0,0,0,0,0,99,0,,0,0,0,0,
END,Total:7
START,FrameNb:34,CameraNb:0,HeSaiNb:0,ARS410Nb:0
2026/08/02 16:23:51:045---->
heightOffset:0,1785659031045,1320721,selfCaliBufCnt:0,selfAccObjCnt:0,selfAccAngle:0,installHAngleOffset:0,Interpolation:0,installVAngleOffset:0,radarOffsetH:0,radarOffsetV:0.32,Polynom:-0.001023;-0.0511;-2.047;0;0;0;-0.001023;-0.0511;-2.047;-25.5;0;0,WheelDirection:0;0;0;0,selfAngleOffset:0,selfAngleOffsetPit:0,currCaliAngleHrz:0,currCaliAnglePit:0,selfCaliAngleHrz:0,selfCaliAnglePit:0,servCaliAngleHrz:0,servCaliAnglePit:0,offlineCaliAngleHrz:0,offlineCaliAnglePit:0,determine2useFlag:0,IMU_Z_Accel:0,IMU_X_AngularRate:0,IMU_Y_AngularRate:0,IMU_RollAngle:0,IMU_PitchAngle:0,IMU_YawAngle:0,FcwID:0,FCWWarningLevel:0,FCWTTC:0
14,10.5,-0.08,-49.32,0,0,0,0,0,7.963,6.8375,0,-0.125,22.3,0,0,0,0,0.0572958,0,0,0,0,65,0,0,0,0,0,0,58,0,0.00034,0.00034,0,0,0,0,0,0.8,0,0,0,0,0,0,1,0,0,0,0,0,0,0,0,98,0,,0,0,0,0,
16,16.56,-0.12,17.84,0,0,0,0,0,-5.0745,15.7625,0,-0.125,-17.7,0,0,0,0,0.0572958,0,0,0,0,96,0,0,0,0,0,0,58,0,0.00034,0.00034,0,0,0,0,0,0.8,0,0,0,0,0,0,1,0,0,0,0,0,0,0,0,30,0,,0,0,0,0,
20,6.92,0,-22.3,0,0,0,0,0,2.6255,6.4,0,0,4.9,0,0,0,0,0.0572958,0,0,0,0,93,0,0,0,0,0,0,58,0,0.00034,0.00034,0,0,0,0,0,0.8,0,0,0,0,0,0,1,0,0,0,0,0,0,0,0,99,0,,0,0,0,0,
21,9.22,0,-24.09,0,0,0,0,0,3.763,8.4125,-0.125,0,5.1,0,0,0,0,0.0572958,0,0,0,0,96,0,0,0,0,0,0,58,0,0.00034,0.00034,0,0,0,0,0,0.8,0,0,0,0,0,0,1,0,0,0,0,0,0,0,0,99,0,,0,0,0,0,
23,6.05,0,-1.66,0,0,0,0,0,0.1755,6.05,-0.125,0,-6.3,0,0,0,0,0.0572958,0,0,0,0,98,0,0,0,0,0,0,58,0,0.00034,0.00034,0,0,0,0,0,1.8,0,0,0,0,0,0,1,0,0,0,0,0,0,0,0,98,0,,0,0,0,0,
76,6.32,0,13.61,0,0,0,0,0,-1.487,6.1375,0,0,5.7,0,0,0,0,0.0572958,0,0,0,0,98,0,0,0,0,0,0,58,0,0.00034,0.00034,0,0,0,0,0,6.2,0,0,0,0,0,0,1,0,0,0,0,0,0,0,0,98,0,,0,0,0,0,
115,11.42,-0.12,11.04,0,0,0,0,0,-2.187,11.2125,0,-0.125,-16.5,0,0,0,0,0.0572958,0,0,0,0,65,0,0,0,0,0,0,58,0,0.00034,0.00034,0,0,0,0,0,0.8,0,0,0,0,0,0,1,0,0,0,0,0,0,0,0,99,0,,0,0,0,0,
END,Total:7
START,FrameNb:35,CameraNb:0,HeSaiNb:0,ARS410Nb:0
2026/08/02 16:23:51:108---->
heightOffset:0,1785659031108,1320771,selfCaliBufCnt:0,selfAccObjCnt:0,selfAccAngle:0,installHAngleOffset:0,Interpolation:0,installVAngleOffset:0,radarOffsetH:0,radarOffsetV:0.32,Polynom:-0.001023;-0.0511;-2.047;0;0;0;-0.001023;-0.0511;-2.047;-25.5;0;0,WheelDirection:0;0;0;0,selfAngleOffset:0,selfAngleOffsetPit:0,currCaliAngleHrz:0,currCaliAnglePit:0,selfCaliAngleHrz:0,selfCaliAnglePit:0,servCaliAngleHrz:0,servCaliAnglePit:0,offlineCaliAngleHrz:0,offlineCaliAnglePit:0,determine2useFlag:0,IMU_Z_Accel:0,IMU_X_AngularRate:0,IMU_Y_AngularRate:0,IMU_RollAngle:0,IMU_PitchAngle:0,IMU_YawAngle:0,FcwID:0,FCWWarningLevel:0,FCWTTC:0
14,10.5,-0.08,-49.32,0,0,0,0,0,7.963,6.8375,0,-0.125,22.3,0,0,0,0,0.0572958,0,0,0,0,65,0,0,0,0,0,0,63,0,0.00034,0.00034,0,0,0,0,0,0.8,0,0,0,0,0,0,1,0,0,0,0,0,0,0,0,98,0,,0,0,0,0,
16,16.56,-0.12,17.84,0,0,0,0,0,-5.0745,15.7625,0,-0.125,-17.7,0,0,0,0,0.0572958,0,0,0,0,96,0,0,0,0,0,0,63,0,0.00034,0.00034,0,0,0,0,0,0.8,0,0,0,0,0,0,1,0,0,0,0,0,0,0,0,30,0,,0,0,0,0,
20,6.92,0,-22.3,0,0,0,0,0,2.6255,6.4,0,0,4.9,0,0,0,0,0.0572958,0,0,0,0,93,0,0,0,0,0,0,63,0,0.00034,0.00034,0,0,0,0,0,0.8,0,0,0,0,0,0,1,0,0,0,0,0,0,0,0,99,0,,0,0,0,0,
21,9.22,0,-24.09,0,0,0,0,0,3.763,8.4125,-0.125,0,5.1,0,0,0,0,0.0572958,0,0,0,0,96,0,0,0,0,0,0,63,0,0.00034,0.00034,0,0,0,0,0,0.8,0,0,0,0,0,0,1,0,0,0,0,0,0,0,0,99,0,,0,0,0,0,
23,6.05,0,-1.66,0,0,0,0,0,0.1755,6.05,-0.125,0,-6.3,0,0,0,0,0.0572958,0,0,0,0,98,0,0,0,0,0,0,63,0,0.00034,0.00034,0,0,0,0,0,1.8,0,0,0,0,0,0,1,0,0,0,0,0,0,0,0,98,0,,0,0,0,0,
76,6.32,0,13.61,0,0,0,0,0,-1.487,6.1375,-0.125,0,5.7,0,0,0,0,0.0572958,0,0,0,0,98,0,0,0,0,0,0,63,0,0.00034,0.00034,0,0,0,0,0,6.2,0,0,0,0,0,0,1,0,0,0,0,0,0,0,0,98,0,,0,0,0,0,
115,11.42,-0.12,11.04,0,0,0,0,0,-2.187,11.2125,0,-0.125,-16.5,0,0,0,0,0.0572958,0,0,0,0,65,0,0,0,0,0,0,63,0,0.00034,0.00034,0,0,0,0,0,0.8,0,0,0,0,0,0,1,0,0,0,0,0,0,0,0,99,0,,0,0,0,0,
END,Total:7
START,FrameNb:36,CameraNb:0,HeSaiNb:0,ARS410Nb:0
2026/08/02 16:23:51:139---->
heightOffset:0,1785659031139,1320821,selfCaliBufCnt:0,selfAccObjCnt:0,selfAccAngle:0,installHAngleOffset:0,Interpolation:0,installVAngleOffset:0,radarOffsetH:0,radarOffsetV:0.32,Polynom:-0.001023;-0.0511;-2.047;0;0;0;-0.001023;-0.0511;-2.047;-25.5;0;0,WheelDirection:0;0;0;0,selfAngleOffset:0,selfAngleOffsetPit:0,currCaliAngleHrz:0,currCaliAnglePit:0,selfCaliAngleHrz:0,selfCaliAnglePit:0,servCaliAngleHrz:0,servCaliAnglePit:0,offlineCaliAngleHrz:0,offlineCaliAnglePit:0,determine2useFlag:0,IMU_Z_Accel:0,IMU_X_AngularRate:0,IMU_Y_AngularRate:0,IMU_RollAngle:0,IMU_PitchAngle:0,IMU_YawAngle:0,FcwID:0,FCWWarningLevel:0,FCWTTC:0
14,10.5,-0.08,-49.32,0,0,0,0,0,7.963,6.8375,0,-0.125,22.3,0,0,0,0,0.0572958,0,0,0,0,65,0,0,0,0,0,0,55,0,0.00034,0.00034,0,0,0,0,0,0.8,0,0,0,0,0,0,1,0,0,0,0,0,0,0,0,98,0,,0,0,0,0,
16,16.56,-0.12,17.84,0,0,0,0,0,-5.0745,15.7625,0,-0.125,-17.7,0,0,0,0,0.0572958,0,0,0,0,96,0,0,0,0,0,0,55,0,0.00034,0.00034,0,0,0,0,0,0.8,0,0,0,0,0,0,1,0,0,0,0,0,0,0,0,30,0,,0,0,0,0,
20,6.92,0,-22.3,0,0,0,0,0,2.6255,6.4,0,0,4.9,0,0,0,0,0.0572958,0,0,0,0,94,0,0,0,0,0,0,55,0,0.00034,0.00034,0,0,0,0,0,0.8,0,0,0,0,0,0,1,0,0,0,0,0,0,0,0,99,0,,0,0,0,0,
21,9.22,0,-24.09,0,0,0,0,0,3.763,8.4125,-0.125,0,5.1,0,0,0,0,0.0572958,0,0,0,0,96,0,0,0,0,0,0,55,0,0.00034,0.00034,0,0,0,0,0,0.8,0,0,0,0,0,0,1,0,0,0,0,0,0,0,0,99,0,,0,0,0,0,
23,6.05,0,-1.66,0,0,0,0,0,0.1755,6.05,-0.125,0,-6.3,0,0,0,0,0.0572958,0,0,0,0,98,0,0,0,0,0,0,55,0,0.00034,0.00034,0,0,0,0,0,1.8,0,0,0,0,0,0,1,0,0,0,0,0,0,0,0,98,0,,0,0,0,0,
76,6.32,0,13.61,0,0,0,0,0,-1.487,6.1375,0,0,5.7,0,0,0,0,0.0572958,0,0,0,0,98,0,0,0,0,0,0,55,0,0.00034,0.00034,0,0,0,0,0,6.2,0,0,0,0,0,0,1,0,0,0,0,0,0,0,0,98,0,,0,0,0,0,
115,11.42,-0.12,11.04,0,0,0,0,0,-2.187,11.2125,0,-0.125,-16.5,0,0,0,0,0.0572958,0,0,0,0,65,0,0,0,0,0,0,55,0,0.00034,0.00034,0,0,0,0,0,0.8,0,0,0,0,0,0,1,0,0,0,0,0,0,0,0,99,0,,0,0,0,0,
END,Total:7
START,FrameNb:37,CameraNb:0,HeSaiNb:0,ARS410Nb:0
2026/08/02 16:23:51:195---->
heightOffset:0,1785659031195,1320872,selfCaliBufCnt:0,selfAccObjCnt:0,selfAccAngle:0,installHAngleOffset:0,Interpolation:0,installVAngleOffset:0,radarOffsetH:0,radarOffsetV:0.32,Polynom:-0.001023;-0.0511;-2.047;0;0;0;-0.001023;-0.0511;-2.047;-25.5;0;0,WheelDirection:0;0;0;0,selfAngleOffset:0,selfAngleOffsetPit:0,currCaliAngleHrz:0,currCaliAnglePit:0,selfCaliAngleHrz:0,selfCaliAnglePit:0,servCaliAngleHrz:0,servCaliAnglePit:0,offlineCaliAngleHrz:0,offlineCaliAnglePit:0,determine2useFlag:0,IMU_Z_Accel:0,IMU_X_AngularRate:0,IMU_Y_AngularRate:0,IMU_RollAngle:0,IMU_PitchAngle:0,IMU_YawAngle:0,FcwID:0,FCWWarningLevel:0,FCWTTC:0
14,10.5,-0.08,-49.32,0,0,0,0,0,7.963,6.8375,0,-0.125,22.3,0,0,0,0,0.0572958,0,0,0,0,65,0,0,0,0,0,0,57,0,0.00034,0.00034,0,0,0,0,0,0.8,0,0,0,0,0,0,1,0,0,0,0,0,0,0,0,98,0,,0,0,0,0,
16,16.56,-0.12,17.84,0,0,0,0,0,-5.0745,15.7625,0,-0.125,-17.7,0,0,0,0,0.0572958,0,0,0,0,96,0,0,0,0,0,0,57,0,0.00034,0.00034,0,0,0,0,0,0.8,0,0,0,0,0,0,1,0,0,0,0,0,0,0,0,30,0,,0,0,0,0,
20,6.92,0,-22.3,0,0,0,0,0,2.6255,6.4,0,0,4.9,0,0,0,0,0.0572958,0,0,0,0,94,0,0,0,0,0,0,57,0,0.00034,0.00034,0,0,0,0,0,0.8,0,0,0,0,0,0,1,0,0,0,0,0,0,0,0,99,0,,0,0,0,0,
21,9.22,0,-24.09,0,0,0,0,0,3.763,8.4125,-0.125,0,5.1,0,0,0,0,0.0572958,0,0,0,0,96,0,0,0,0,0,0,57,0,0.00034,0.00034,0,0,0,0,0,0.8,0,0,0,0,0,0,1,0,0,0,0,0,0,0,0,99,0,,0,0,0,0,
23,6.05,0,-1.66,0,0,0,0,0,0.1755,6.05,-0.125,0,-6.3,0,0,0,0,0.0572958,0,0,0,0,98,0,0,0,0,0,0,57,0,0.00034,0.00034,0,0,0,0,0,1.8,0,0,0,0,0,0,1,0,0,0,0,0,0,0,0,98,0,,0,0,0,0,
76,6.32,0,13.61,0,0,0,0,0,-1.487,6.1375,0,0,5.7,0,0,0,0,0.0572958,0,0,0,0,98,0,0,0,0,0,0,57,0,0.00034,0.00034,0,0,0,0,0,6.2,0,0,0,0,0,0,1,0,0,0,0,0,0,0,0,98,0,,0,0,0,0,
115,11.42,-0.12,11.04,0,0,0,0,0,-2.187,11.2125,0,-0.125,-16.5,0,0,0,0,0.0572958,0,0,0,0,65,0,0,0,0,0,0,57,0,0.00034,0.00034,0,0,0,0,0,0.8,0,0,0,0,0,0,1,0,0,0,0,0,0,0,0,99,0,,0,0,0,0,
END,Total:7
START,FrameNb:38,CameraNb:0,HeSaiNb:0,ARS410Nb:0
2026/08/02 16:23:51:236---->
heightOffset:0,1785659031236,1320922,selfCaliBufCnt:0,selfAccObjCnt:0,selfAccAngle:0,installHAngleOffset:0,Interpolation:0,installVAngleOffset:0,radarOffsetH:0,radarOffsetV:0.32,Polynom:-0.001023;-0.0511;-2.047;0;0;0;-0.001023;-0.0511;-2.047;-25.5;0;0,WheelDirection:0;0;0;0,selfAngleOffset:0,selfAngleOffsetPit:0,currCaliAngleHrz:0,currCaliAnglePit:0,selfCaliAngleHrz:0,selfCaliAnglePit:0,servCaliAngleHrz:0,servCaliAnglePit:0,offlineCaliAngleHrz:0,offlineCaliAnglePit:0,determine2useFlag:0,IMU_Z_Accel:0,IMU_X_AngularRate:0,IMU_Y_AngularRate:0,IMU_RollAngle:0,IMU_PitchAngle:0,IMU_YawAngle:0,FcwID:0,FCWWarningLevel:0,FCWTTC:0
14,10.5,-0.08,-49.32,0,0,0,0,0,7.963,6.8375,0,-0.125,22.3,0,0,0,0,0.0572958,0,0,0,0,96,0,0,0,0,0,0,57,0,0.00034,0.00034,0,0,0,0,0,0.8,0,0,0,0,0,0,1,0,0,0,0,0,0,0,0,99,0,,0,0,0,0,
16,16.56,0,17.84,0,0,0,0,0,-5.0745,15.7625,0,0,-17.7,0,0,0,0,0.0572958,0,0,0,0,96,0,0,0,0,0,0,57,0,0.00034,0.00034,0,0,0,0,0,0.8,0,0,0,0,0,0,1,0,0,0,0,0,0,0,0,30,0,,0,0,0,0,
20,6.92,0,-22.3,0,0,0,0,0,2.6255,6.4,0,0,4.9,0,0,0,0,0.0572958,0,0,0,0,94,0,0,0,0,0,0,57,0,0.00034,0.00034,0,0,0,0,0,0.8,0,0,0,0,0,0,1,0,0,0,0,0,0,0,0,99,0,,0,0,0,0,
21,9.22,0,-24.09,0,0,0,0,0,3.763,8.4125,-0.125,0,5.1,0,0,0,0,0.0572958,0,0,0,0,96,0,0,0,0,0,0,57,0,0.00034,0.00034,0,0,0,0,0,0.8,0,0,0,0,0,0,1,0,0,0,0,0,0,0,0,99,0,,0,0,0,0,
23,6.05,0,-1.66,0,0,0,0,0,0.1755,6.05,-0.125,0,-6.3,0,0,0,0,0.0572958,0,0,0,0,98,0,0,0,0,0,0,57,0,0.00034,0.00034,0,0,0,0,0,1.6,0,0,0,0,0,0,1,0,0,0,0,0,0,0,0,98,0,,0,0,0,0,
76,6.32,0,13.61,0,0,0,0,0,-1.487,6.1375,0,0,5.7,0,0,0,0,0.0572958,0,0,0,0,98,0,0,0,0,0,0,57,0,0.00034,0.00034,0,0,0,0,0,6.4,0,0,0,0,0,0,1,0,0,0,0,0,0,0,0,98,0,,0,0,0,0,
115,11.42,-0.12,11.04,0,0,0,0,0,-2.187,11.2125,0,-0.125,-16.3,0,0,0,0,0.0572958,0,0,0,0,65,0,0,0,0,0,0,57,0,0.00034,0.00034,0,0,0,0,0,0.8,0,0,0,0,0,0,1,0,0,0,0,0,0,0,0,99,0,,0,0,0,0,
END,Total:7
START,FrameNb:39,CameraNb:0,HeSaiNb:0,ARS410Nb:0
2026/08/02 16:23:51:296---->
heightOffset:0,1785659031296,1320971,selfCaliBufCnt:0,selfAccObjCnt:0,selfAccAngle:0,installHAngleOffset:0,Interpolation:0,installVAngleOffset:0,radarOffsetH:0,radarOffsetV:0.32,Polynom:-0.001023;-0.0511;-2.047;0;0;0;-0.001023;-0.0511;-2.047;-25.5;0;0,WheelDirection:0;0;0;0,selfAngleOffset:0,selfAngleOffsetPit:0,currCaliAngleHrz:0,currCaliAnglePit:0,selfCaliAngleHrz:0,selfCaliAnglePit:0,servCaliAngleHrz:0,servCaliAnglePit:0,offlineCaliAngleHrz:0,offlineCaliAnglePit:0,determine2useFlag:0,IMU_Z_Accel:0,IMU_X_AngularRate:0,IMU_Y_AngularRate:0,IMU_RollAngle:0,IMU_PitchAngle:0,IMU_YawAngle:0,FcwID:0,FCWWarningLevel:0,FCWTTC:0
14,10.5,-0.08,-49.32,0,0,0,0,0,7.963,6.8375,0,-0.125,22.3,0,0,0,0,0.0572958,0,0,0,0,96,0,0,0,0,0,0,54,0,0.00034,0.00034,0,0,0,0,0,0.8,0,0,0,0,0,0,1,0,0,0,0,0,0,0,0,99,0,,0,0,0,0,
16,16.56,-0.12,17.84,0,0,0,0,0,-5.0745,15.7625,-0.125,-0.125,-17.7,0,0,0,0,0.0572958,0,0,0,0,96,0,0,0,0,0,0,54,0,0.00034,0.00034,0,0,0,0,0,0.8,0,0,0,0,0,0,1,0,0,0,0,0,0,0,0,30,0,,0,0,0,0,
20,6.92,0,-22.3,0,0,0,0,0,2.6255,6.4,0,0,4.9,0,0,0,0,0.0572958,0,0,0,0,94,0,0,0,0,0,0,54,0,0.00034,0.00034,0,0,0,0,0,0.8,0,0,0,0,0,0,1,0,0,0,0,0,0,0,0,99,0,,0,0,0,0,
21,9.22,0,-24.09,0,0,0,0,0,3.763,8.4125,-0.125,0,4.9,0,0,0,0,0.0572958,0,0,0,0,96,0,0,0,0,0,0,54,0,0.00034,0.00034,0,0,0,0,0,0.8,0,0,0,0,0,0,1,0,0,0,0,0,0,0,0,99,0,,0,0,0,0,
23,6.05,0,-1.66,0,0,0,0,0,0.1755,6.05,0,0,-6.3,0,0,0,0,0.0572958,0,0,0,0,98,0,0,0,0,0,0,54,0,0.00034,0.00034,0,0,0,0,0,1.6,0,0,0,0,0,0,1,0,0,0,0,0,0,0,0,98,0,,0,0,0,0,
76,6.32,0,13.61,0,0,0,0,0,-1.487,6.1375,0,0,5.7,0,0,0,0,0.0572958,0,0,0,0,98,0,0,0,0,0,0,54,0,0.00034,0.00034,0,0,0,0,0,6.2,0,0,0,0,0,0,1,0,0,0,0,0,0,0,0,98,0,,0,0,0,0,
115,11.42,-0.12,11.04,0,0,0,0,0,-2.187,11.2125,0,-0.125,-16.3,0,0,0,0,0.0572958,0,0,0,0,65,0,0,0,0,0,0,54,0,0.00034,0.00034,0,0,0,0,0,0.8,0,0,0,0,0,0,1,0,0,0,0,0,0,0,0,99,0,,0,0,0,0,
END,Total:7
START,FrameNb:40,CameraNb:0,HeSaiNb:0,ARS410Nb:0
2026/08/02 16:23:51:357---->
heightOffset:0,1785659031357,1321022,selfCaliBufCnt:0,selfAccObjCnt:0,selfAccAngle:0,installHAngleOffset:0,Interpolation:0,installVAngleOffset:0,radarOffsetH:0,radarOffsetV:0.32,Polynom:-0.001023;-0.0511;-2.047;0;0;0;-0.001023;-0.0511;-2.047;-25.5;0;0,WheelDirection:0;0;0;0,selfAngleOffset:0,selfAngleOffsetPit:0,currCaliAngleHrz:0,currCaliAnglePit:0,selfCaliAngleHrz:0,selfCaliAnglePit:0,servCaliAngleHrz:0,servCaliAnglePit:0,offlineCaliAngleHrz:0,offlineCaliAnglePit:0,determine2useFlag:0,IMU_Z_Accel:0,IMU_X_AngularRate:0,IMU_Y_AngularRate:0,IMU_RollAngle:0,IMU_PitchAngle:0,IMU_YawAngle:0,FcwID:0,FCWWarningLevel:0,FCWTTC:0
14,10.5,-0.08,-49.32,0,0,0,0,0,7.963,6.8375,-0.125,-0.125,22.3,0,0,0,0,0.0572958,0,0,0,0,96,0,0,0,0,0,0,58,0,0.00034,0.00034,0,0,0,0,0,0.8,0,0,0,0,0,0,1,0,0,0,0,0,0,0,0,99,0,,0,0,0,0,
16,16.56,-0.12,17.84,0,0,0,0,0,-5.0745,15.7625,0,-0.125,-17.7,0,0,0,0,0.0572958,0,0,0,0,96,0,0,0,0,0,0,58,0,0.00034,0.00034,0,0,0,0,0,0.8,0,0,0,0,0,0,1,0,0,0,0,0,0,0,0,30,0,,0,0,0,0,
20,6.92,0,-22.3,0,0,0,0,0,2.6255,6.4,0,0,4.9,0,0,0,0,0.0572958,0,0,0,0,94,0,0,0,0,0,0,58,0,0.00034,0.00034,0,0,0,0,0,0.8,0,0,0,0,0,0,1,0,0,0,0,0,0,0,0,99,0,,0,0,0,0,
21,9.22,0,-24.09,0,0,0,0,0,3.763,8.4125,-0.125,0,4.9,0,0,0,0,0.0572958,0,0,0,0,96,0,0,0,0,0,0,58,0,0.00034,0.00034,0,0,0,0,0,0.8,0,0,0,0,0,0,1,0,0,0,0,0,0,0,0,99,0,,0,0,0,0,
23,6.05,0,-1.66,0,0,0,0,0,0.1755,6.05,-0.125,0,-6.3,0,0,0,0,0.0572958,0,0,0,0,98,0,0,0,0,0,0,58,0,0.00034,0.00034,0,0,0,0,0,1.8,0,0,0,0,0,0,1,0,0,0,0,0,0,0,0,98,0,,0,0,0,0,
76,6.32,0,13.61,0,0,0,0,0,-1.487,6.1375,0,0,5.7,0,0,0,0,0.0572958,0,0,0,0,98,0,0,0,0,0,0,58,0,0.00034,0.00034,0,0,0,0,0,6.2,0,0,0,0,0,0,1,0,0,0,0,0,0,0,0,98,0,,0,0,0,0,
115,11.42,0,11.04,0,0,0,0,0,-2.187,11.2125,0,0,-16.3,0,0,0,0,0.0572958,0,0,0,0,65,0,0,0,0,0,0,58,0,0.00034,0.00034,0,0,0,0,0,0.8,0,0,0,0,0,0,1,0,0,0,0,0,0,0,0,99,0,,0,0,0,0,
END,Total:7
START,FrameNb:41,CameraNb:0,HeSaiNb:0,ARS410Nb:0
2026/08/02 16:23:51:386---->
heightOffset:0,1785659031386,1321071,selfCaliBufCnt:0,selfAccObjCnt:0,selfAccAngle:0,installHAngleOffset:0,Interpolation:0,installVAngleOffset:0,radarOffsetH:0,radarOffsetV:0.32,Polynom:-0.001023;-0.0511;-2.047;0;0;0;-0.001023;-0.0511;-2.047;-25.5;0;0,WheelDirection:0;0;0;0,selfAngleOffset:0,selfAngleOffsetPit:0,currCaliAngleHrz:0,currCaliAnglePit:0,selfCaliAngleHrz:0,selfCaliAnglePit:0,servCaliAngleHrz:0,servCaliAnglePit:0,offlineCaliAngleHrz:0,offlineCaliAnglePit:0,determine2useFlag:0,IMU_Z_Accel:0,IMU_X_AngularRate:0,IMU_Y_AngularRate:0,IMU_RollAngle:0,IMU_PitchAngle:0,IMU_YawAngle:0,FcwID:0,FCWWarningLevel:0,FCWTTC:0
14,10.5,-0.08,-49.32,0,0,0,0,0,7.963,6.8375,-0.125,-0.125,22.3,0,0,0,0,0.0572958,0,0,0,0,96,0,0,0,0,0,0,54,0,0.00034,0.00034,0,0,0,0,0,0.8,0,0,0,0,0,0,1,0,0,0,0,0,0,0,0,99,0,,0,0,0,0,
16,16.56,0,17.84,0,0,0,0,0,-5.0745,15.7625,-0.125,0,-17.7,0,0,0,0,0.0572958,0,0,0,0,96,0,0,0,0,0,0,54,0,0.00034,0.00034,0,0,0,0,0,0.8,0,0,0,0,0,0,1,0,0,0,0,0,0,0,0,30,0,,0,0,0,0,
20,6.92,0,-22.3,0,0,0,0,0,2.6255,6.4,0,0,4.9,0,0,0,0,0.0572958,0,0,0,0,94,0,0,0,0,0,0,54,0,0.00034,0.00034,0,0,0,0,0,0.8,0,0,0,0,0,0,1,0,0,0,0,0,0,0,0,99,0,,0,0,0,0,
21,9.22,0,-24.09,0,0,0,0,0,3.763,8.4125,-0.125,0,4.9,0,0,0,0,0.0572958,0,0,0,0,96,0,0,0,0,0,0,54,0,0.00034,0.00034,0,0,0,0,0,0.8,0,0,0,0,0,0,1,0,0,0,0,0,0,0,0,99,0,,0,0,0,0,
23,6.05,0,-1.66,0,0,0,0,0,0.1755,6.05,-0.125,0,-6.3,0,0,0,0,0.0572958,0,0,0,0,98,0,0,0,0,0,0,54,0,0.00034,0.00034,0,0,0,0,0,1.8,0,0,0,0,0,0,1,0,0,0,0,0,0,0,0,98,0,,0,0,0,0,
76,6.32,0,13.61,0,0,0,0,0,-1.487,6.1375,0,0,5.7,0,0,0,0,0.0572958,0,0,0,0,98,0,0,0,0,0,0,54,0,0.00034,0.00034,0,0,0,0,0,6.2,0,0,0,0,0,0,1,0,0,0,0,0,0,0,0,98,0,,0,0,0,0,
115,11.42,0,11.04,0,0,0,0,0,-2.187,11.2125,0,0,-16.3,0,0,0,0,0.0572958,0,0,0,0,65,0,0,0,0,0,0,54,0,0.00034,0.00034,0,0,0,0,0,0.8,0,0,0,0,0,0,1,0,0,0,0,0,0,0,0,99,0,,0,0,0,0,
END,Total:7
START,FrameNb:42,CameraNb:0,HeSaiNb:0,ARS410Nb:0
2026/08/02 16:23:51:442---->
heightOffset:0,1785659031442,1321121,selfCaliBufCnt:0,selfAccObjCnt:0,selfAccAngle:0,installHAngleOffset:0,Interpolation:0,installVAngleOffset:0,radarOffsetH:0,radarOffsetV:0.32,Polynom:-0.001023;-0.0511;-2.047;0;0;0;-0.001023;-0.0511;-2.047;-25.5;0;0,WheelDirection:0;0;0;0,selfAngleOffset:0,selfAngleOffsetPit:0,currCaliAngleHrz:0,currCaliAnglePit:0,selfCaliAngleHrz:0,selfCaliAnglePit:0,servCaliAngleHrz:0,servCaliAnglePit:0,offlineCaliAngleHrz:0,offlineCaliAnglePit:0,determine2useFlag:0,IMU_Z_Accel:0,IMU_X_AngularRate:0,IMU_Y_AngularRate:0,IMU_RollAngle:0,IMU_PitchAngle:0,IMU_YawAngle:0,FcwID:0,FCWWarningLevel:0,FCWTTC:0
14,10.5,-0.08,-49.32,0,0,0,0,0,7.963,6.8375,-0.125,-0.125,22.3,0,0,0,0,0.0572958,0,0,0,0,96,0,0,0,0,0,0,61,0,0.00034,0.00034,0,0,0,0,0,0.8,0,0,0,0,0,0,1,0,0,0,0,0,0,0,0,99,0,,0,0,0,0,
16,16.56,0,17.84,0,0,0,0,0,-5.0745,15.7625,-0.125,0,-17.7,0,0,0,0,0.0572958,0,0,0,0,96,0,0,0,0,0,0,61,0,0.00034,0.00034,0,0,0,0,0,0.8,0,0,0,0,0,0,1,0,0,0,0,0,0,0,0,30,0,,0,0,0,0,
20,6.92,0,-22.3,0,0,0,0,0,2.6255,6.4,0,0,4.9,0,0,0,0,0.0572958,0,0,0,0,94,0,0,0,0,0,0,61,0,0.00034,0.00034,0,0,0,0,0,0.8,0,0,0,0,0,0,1,0,0,0,0,0,0,0,0,99,0,,0,0,0,0,
21,9.22,0,-24.09,0,0,0,0,0,3.763,8.4125,-0.125,0,4.9,0,0,0,0,0.0572958,0,0,0,0,96,0,0,0,0,0,0,61,0,0.00034,0.00034,0,0,0,0,0,0.8,0,0,0,0,0,0,1,0,0,0,0,0,0,0,0,99,0,,0,0,0,0,
23,6.05,0,-1.66,0,0,0,0,0,0.1755,6.05,-0.125,0,-6.3,0,0,0,0,0.0572958,0,0,0,0,98,0,0,0,0,0,0,61,0,0.00034,0.00034,0,0,0,0,0,1.8,0,0,0,0,0,0,1,0,0,0,0,0,0,0,0,98,0,,0,0,0,0,
76,6.32,0,13.61,0,0,0,0,0,-1.487,6.1375,0,0,5.7,0,0,0,0,0.0572958,0,0,0,0,98,0,0,0,0,0,0,61,0,0.00034,0.00034,0,0,0,0,0,6.2,0,0,0,0,0,0,1,0,0,0,0,0,0,0,0,98,0,,0,0,0,0,
115,11.42,0,11.04,0,0,0,0,0,-2.187,11.2125,0,0,-16.3,0,0,0,0,0.0572958,0,0,0,0,65,0,0,0,0,0,0,61,0,0.00034,0.00034,0,0,0,0,0,0.8,0,0,0,0,0,0,1,0,0,0,0,0,0,0,0,99,0,,0,0,0,0,
END,Total:7
START,FrameNb:43,CameraNb:0,HeSaiNb:0,ARS410Nb:0
2026/08/02 16:23:51:480---->
heightOffset:0,1785659031480,1321171,selfCaliBufCnt:0,selfAccObjCnt:0,selfAccAngle:0,installHAngleOffset:0,Interpolation:0,installVAngleOffset:0,radarOffsetH:0,radarOffsetV:0.32,Polynom:-0.001023;-0.0511;-2.047;0;0;0;-0.001023;-0.0511;-2.047;-25.5;0;0,WheelDirection:0;0;0;0,selfAngleOffset:0,selfAngleOffsetPit:0,currCaliAngleHrz:0,currCaliAnglePit:0,selfCaliAngleHrz:0,selfCaliAnglePit:0,servCaliAngleHrz:0,servCaliAnglePit:0,offlineCaliAngleHrz:0,offlineCaliAnglePit:0,determine2useFlag:0,IMU_Z_Accel:0,IMU_X_AngularRate:0,IMU_Y_AngularRate:0,IMU_RollAngle:0,IMU_PitchAngle:0,IMU_YawAngle:0,FcwID:0,FCWWarningLevel:0,FCWTTC:0
14,10.5,-0.08,-49.32,0,0,0,0,0,7.963,6.8375,-0.125,-0.125,22.3,0,0,0,0,0.0572958,0,0,0,0,97,0,0,0,0,0,0,59,0,0.00034,0.00034,0,0,0,0,0,0.8,0,0,0,0,0,0,1,0,0,0,0,0,0,0,0,99,0,,0,0,0,0,
16,16.56,0,17.84,0,0,0,0,0,-5.0745,15.7625,0,0,-17.7,0,0,0,0,0.0572958,0,0,0,0,96,0,0,0,0,0,0,59,0,0.00034,0.00034,0,0,0,0,0,0.8,0,0,0,0,0,0,1,0,0,0,0,0,0,0,0,30,0,,0,0,0,0,
20,6.92,0,-22.3,0,0,0,0,0,2.6255,6.4,0,0,4.9,0,0,0,0,0.0572958,0,0,0,0,94,0,0,0,0,0,0,59,0,0.00034,0.00034,0,0,0,0,0,0.8,0,0,0,0,0,0,1,0,0,0,0,0,0,0,0,99,0,,0,0,0,0,
21,9.22,0,-24.09,0,0,0,0,0,3.763,8.4125,-0.125,0,4.9,0,0,0,0,0.0572958,0,0,0,0,96,0,0,0,0,0,0,59,0,0.00034,0.00034,0,0,0,0,0,0.8,0,0,0,0,0,0,1,0,0,0,0,0,0,0,0,99,0,,0,0,0,0,
23,6.05,0,-1.66,0,0,0,0,0,0.1755,6.05,-0.125,0,-6.3,0,0,0,0,0.0572958,0,0,0,0,98,0,0,0,0,0,0,59,0,0.00034,0.00034,0,0,0,0,0,1.8,0,0,0,0,0,0,1,0,0,0,0,0,0,0,0,98,0,,0,0,0,0,
76,6.32,0,13.61,0,0,0,0,0,-1.487,6.1375,0,0,5.7,0,0,0,0,0.0572958,0,0,0,0,98,0,0,0,0,0,0,59,0,0.00034,0.00034,0,0,0,0,0,6.2,0,0,0,0,0,0,1,0,0,0,0,0,0,0,0,98,0,,0,0,0,0,
115,11.42,0,11.04,0,0,0,0,0,-2.187,11.2125,0,0,-16.3,0,0,0,0,0.0572958,0,0,0,0,65,0,0,0,0,0,0,59,0,0.00034,0.00034,0,0,0,0,0,0.8,0,0,0,0,0,0,1,0,0,0,0,0,0,0,0,99,0,,0,0,0,0,
END,Total:7
START,FrameNb:44,CameraNb:0,HeSaiNb:0,ARS410Nb:0
2026/08/02 16:23:51:541---->
heightOffset:0,1785659031541,1321222,selfCaliBufCnt:0,selfAccObjCnt:0,selfAccAngle:0,installHAngleOffset:0,Interpolation:0,installVAngleOffset:0,radarOffsetH:0,radarOffsetV:0.32,Polynom:-0.001023;-0.0511;-2.047;0;0;0;-0.001023;-0.0511;-2.047;-25.5;0;0,WheelDirection:0;0;0;0,selfAngleOffset:0,selfAngleOffsetPit:0,currCaliAngleHrz:0,currCaliAnglePit:0,selfCaliAngleHrz:0,selfCaliAnglePit:0,servCaliAngleHrz:0,servCaliAnglePit:0,offlineCaliAngleHrz:0,offlineCaliAnglePit:0,determine2useFlag:0,IMU_Z_Accel:0,IMU_X_AngularRate:0,IMU_Y_AngularRate:0,IMU_RollAngle:0,IMU_PitchAngle:0,IMU_YawAngle:0,FcwID:0,FCWWarningLevel:0,FCWTTC:0
14,10.5,-0.08,-49.32,0,0,0,0,0,7.963,6.8375,-0.125,-0.125,22.3,0,0,0,0,0.0572958,0,0,0,0,97,0,0,0,0,0,0,59,0,0.00034,0.00034,0,0,0,0,0,0.8,0,0,0,0,0,0,1,0,0,0,0,0,0,0,0,99,0,,0,0,0,0,
16,16.56,0,17.84,0,0,0,0,0,-5.0745,15.7625,0,0,-17.7,0,0,0,0,0.0572958,0,0,0,0,96,0,0,0,0,0,0,59,0,0.00034,0.00034,0,0,0,0,0,0.8,0,0,0,0,0,0,1,0,0,0,0,0,0,0,0,30,0,,0,0,0,0,
20,6.92,0,-22.3,0,0,0,0,0,2.6255,6.4,0,0,4.9,0,0,0,0,0.0572958,0,0,0,0,95,0,0,0,0,0,0,59,0,0.00034,0.00034,0,0,0,0,0,0.8,0,0,0,0,0,0,1,0,0,0,0,0,0,0,0,99,0,,0,0,0,0,
21,9.22,0,-24.09,0,0,0,0,0,3.763,8.4125,-0.125,0,4.9,0,0,0,0,0.0572958,0,0,0,0,96,0,0,0,0,0,0,59,0,0.00034,0.00034,0,0,0,0,0,0.8,0,0,0,0,0,0,1,0,0,0,0,0,0,0,0,99,0,,0,0,0,0,
23,6.05,0,-1.66,0,0,0,0,0,0.1755,6.05,-0.125,0,-6.3,0,0,0,0,0.0572958,0,0,0,0,98,0,0,0,0,0,0,59,0,0.00034,0.00034,0,0,0,0,0,1.8,0,0,0,0,0,0,1,0,0,0,0,0,0,0,0,98,0,,0,0,0,0,
76,6.32,0,13.61,0,0,0,0,0,-1.487,6.1375,0,0,5.7,0,0,0,0,0.0572958,0,0,0,0,98,0,0,0,0,0,0,59,0,0.00034,0.00034,0,0,0,0,0,6.2,0,0,0,0,0,0,1,0,0,0,0,0,0,0,0,98,0,,0,0,0,0,
115,11.42,0,11.04,0,0,0,0,0,-2.187,11.2125,0,0,-16.3,0,0,0,0,0.0572958,0,0,0,0,65,0,0,0,0,0,0,59,0,0.00034,0.00034,0,0,0,0,0,0.8,0,0,0,0,0,0,1,0,0,0,0,0,0,0,0,99,0,,0,0,0,0,
END,Total:7
START,FrameNb:45,CameraNb:0,HeSaiNb:0,ARS410Nb:0
2026/08/02 16:23:51:604---->
heightOffset:0,1785659031604,1321272,selfCaliBufCnt:0,selfAccObjCnt:0,selfAccAngle:0,installHAngleOffset:0,Interpolation:0,installVAngleOffset:0,radarOffsetH:0,radarOffsetV:0.32,Polynom:-0.001023;-0.0511;-2.047;0;0;0;-0.001023;-0.0511;-2.047;-25.5;0;0,WheelDirection:0;0;0;0,selfAngleOffset:0,selfAngleOffsetPit:0,currCaliAngleHrz:0,currCaliAnglePit:0,selfCaliAngleHrz:0,selfCaliAnglePit:0,servCaliAngleHrz:0,servCaliAnglePit:0,offlineCaliAngleHrz:0,offlineCaliAnglePit:0,determine2useFlag:0,IMU_Z_Accel:0,IMU_X_AngularRate:0,IMU_Y_AngularRate:0,IMU_RollAngle:0,IMU_PitchAngle:0,IMU_YawAngle:0,FcwID:0,FCWWarningLevel:0,FCWTTC:0
14,10.5,-0.08,-49.32,0,0,0,0,0,7.963,6.8375,-0.125,-0.125,22.3,0,0,0,0,0.0572958,0,0,0,0,97,0,0,0,0,0,0,54,0,0.00034,0.00034,0,0,0,0,0,0.8,0,0,0,0,0,0,1,0,0,0,0,0,0,0,0,99,0,,0,0,0,0,
16,16.56,0,17.84,0,0,0,0,0,-5.0745,15.7625,0,0,-17.7,0,0,0,0,0.0572958,0,0,0,0,96,0,0,0,0,0,0,54,0,0.00034,0.00034,0,0,0,0,0,0.8,0,0,0,0,0,0,1,0,0,0,0,0,0,0,0,30,0,,0,0,0,0,
20,6.92,0,-22.3,0,0,0,0,0,2.6255,6.4,0,0,4.9,0,0,0,0,0.0572958,0,0,0,0,95,0,0,0,0,0,0,54,0,0.00034,0.00034,0,0,0,0,0,0.8,0,0,0,0,0,0,1,0,0,0,0,0,0,0,0,99,0,,0,0,0,0,
21,9.22,0,-24.09,0,0,0,0,0,3.763,8.4125,-0.125,0,4.9,0,0,0,0,0.0572958,0,0,0,0,96,0,0,0,0,0,0,54,0,0.00034,0.00034,0,0,0,0,0,0.8,0,0,0,0,0,0,1,0,0,0,0,0,0,0,0,99,0,,0,0,0,0,
23,6.05,0,-1.66,0,0,0,0,0,0.1755,6.05,-0.125,0,-6.3,0,0,0,0,0.0572958,0,0,0,0,98,0,0,0,0,0,0,54,0,0.00034,0.00034,0,0,0,0,0,1.8,0,0,0,0,0,0,1,0,0,0,0,0,0,0,0,98,0,,0,0,0,0,
76,6.32,0,13.61,0,0,0,0,0,-1.487,6.1375,0,0,5.7,0,0,0,0,0.0572958,0,0,0,0,98,0,0,0,0,0,0,54,0,0.00034,0.00034,0,0,0,0,0,6.2,0,0,0,0,0,0,1,0,0,0,0,0,0,0,0,98,0,,0,0,0,0,
115,11.42,0,11.04,0,0,0,0,0,-2.187,11.2125,0,0,-16.3,0,0,0,0,0.0572958,0,0,0,0,65,0,0,0,0,0,0,54,0,0.00034,0.00034,0,0,0,0,0,0.8,0,0,0,0,0,0,1,0,0,0,0,0,0,0,0,99,0,,0,0,0,0,
END,Total:7
START,FrameNb:46,CameraNb:0,HeSaiNb:0,ARS410Nb:0
2026/08/02 16:23:51:633---->
heightOffset:0,1785659031633,1321321,selfCaliBufCnt:0,selfAccObjCnt:0,selfAccAngle:0,installHAngleOffset:0,Interpolation:0,installVAngleOffset:0,radarOffsetH:0,radarOffsetV:0.32,Polynom:-0.001023;-0.0511;-2.047;0;0;0;-0.001023;-0.0511;-2.047;-25.5;0;0,WheelDirection:0;0;0;0,selfAngleOffset:0,selfAngleOffsetPit:0,currCaliAngleHrz:0,currCaliAnglePit:0,selfCaliAngleHrz:0,selfCaliAnglePit:0,servCaliAngleHrz:0,servCaliAnglePit:0,offlineCaliAngleHrz:0,offlineCaliAnglePit:0,determine2useFlag:0,IMU_Z_Accel:0,IMU_X_AngularRate:0,IMU_Y_AngularRate:0,IMU_RollAngle:0,IMU_PitchAngle:0,IMU_YawAngle:0,FcwID:0,FCWWarningLevel:0,FCWTTC:0
14,10.5,-0.08,-49.32,0,0,0,0,0,7.963,6.8375,-0.125,-0.125,22.3,0,0,0,0,0.0572958,0,0,0,0,97,0,0,0,0,0,0,54,0,0.00034,0.00034,0,0,0,0,0,0.8,0,0,0,0,0,0,1,0,0,0,0,0,0,0,0,99,0,,0,0,0,0,
16,16.56,0,17.84,0,0,0,0,0,-5.0745,15.7625,0,0,-17.7,0,0,0,0,0.0572958,0,0,0,0,96,0,0,0,0,0,0,54,0,0.00034,0.00034,0,0,0,0,0,0.8,0,0,0,0,0,0,1,0,0,0,0,0,0,0,0,30,0,,0,0,0,0,
20,6.92,0,-22.3,0,0,0,0,0,2.6255,6.4,0,0,4.9,0,0,0,0,0.0572958,0,0,0,0,95,0,0,0,0,0,0,54,0,0.00034,0.00034,0,0,0,0,0,0.8,0,0,0,0,0,0,1,0,0,0,0,0,0,0,0,99,0,,0,0,0,0,
21,9.22,0,-24.09,0,0,0,0,0,3.763,8.4125,-0.125,0,4.9,0,0,0,0,0.0572958,0,0,0,0,96,0,0,0,0,0,0,54,0,0.00034,0.00034,0,0,0,0,0,0.8,0,0,0,0,0,0,1,0,0,0,0,0,0,0,0,99,0,,0,0,0,0,
23,6.05,0,-1.66,0,0,0,0,0,0.1755,6.05,0,0,-6.3,0,0,0,0,0.0572958,0,0,0,0,98,0,0,0,0,0,0,54,0,0.00034,0.00034,0,0,0,0,0,1.8,0,0,0,0,0,0,1,0,0,0,0,0,0,0,0,98,0,,0,0,0,0,
76,6.32,0,13.61,0,0,0,0,0,-1.487,6.1375,0,0,5.7,0,0,0,0,0.0572958,0,0,0,0,98,0,0,0,0,0,0,54,0,0.00034,0.00034,0,0,0,0,0,6.2,0,0,0,0,0,0,1,0,0,0,0,0,0,0,0,98,0,,0,0,0,0,
115,11.42,0,11.04,0,0,0,0,0,-2.187,11.2125,0,0,-16.3,0,0,0,0,0.0572958,0,0,0,0,65,0,0,0,0,0,0,54,0,0.00034,0.00034,0,0,0,0,0,0.8,0,0,0,0,0,0,1,0,0,0,0,0,0,0,0,99,0,,0,0,0,0,
END,Total:7
START,FrameNb:47,CameraNb:0,HeSaiNb:0,ARS410Nb:0
2026/08/02 16:23:51:688---->
heightOffset:0,1785659031688,1321372,selfCaliBufCnt:0,selfAccObjCnt:0,selfAccAngle:0,installHAngleOffset:0,Interpolation:0,installVAngleOffset:0,radarOffsetH:0,radarOffsetV:0.32,Polynom:-0.001023;-0.0511;-2.047;0;0;0;-0.001023;-0.0511;-2.047;-25.5;0;0,WheelDirection:0;0;0;0,selfAngleOffset:0,selfAngleOffsetPit:0,currCaliAngleHrz:0,currCaliAnglePit:0,selfCaliAngleHrz:0,selfCaliAnglePit:0,servCaliAngleHrz:0,servCaliAnglePit:0,offlineCaliAngleHrz:0,offlineCaliAnglePit:0,determine2useFlag:0,IMU_Z_Accel:0,IMU_X_AngularRate:0,IMU_Y_AngularRate:0,IMU_RollAngle:0,IMU_PitchAngle:0,IMU_YawAngle:0,FcwID:0,FCWWarningLevel:0,FCWTTC:0
14,10.5,-0.08,-49.32,0,0,0,0,0,7.963,6.8375,-0.125,-0.125,22.3,0,0,0,0,0.0572958,0,0,0,0,97,0,0,0,0,0,0,58,0,0.00034,0.00034,0,0,0,0,0,0.8,0,0,0,0,0,0,1,0,0,0,0,0,0,0,0,99,0,,0,0,0,0,
16,16.56,0,17.84,0,0,0,0,0,-5.0745,15.7625,0,0,-17.7,0,0,0,0,0.0572958,0,0,0,0,96,0,0,0,0,0,0,58,0,0.00034,0.00034,0,0,0,0,0,0.8,0,0,0,0,0,0,1,0,0,0,0,0,0,0,0,30,0,,0,0,0,0,
20,6.92,0,-22.3,0,0,0,0,0,2.6255,6.4,0,0,4.9,0,0,0,0,0.0572958,0,0,0,0,95,0,0,0,0,0,0,58,0,0.00034,0.00034,0,0,0,0,0,0.8,0,0,0,0,0,0,1,0,0,0,0,0,0,0,0,99,0,,0,0,0,0,
21,9.22,0,-24.09,0,0,0,0,0,3.763,8.4125,-0.125,0,4.9,0,0,0,0,0.0572958,0,0,0,0,96,0,0,0,0,0,0,58,0,0.00034,0.00034,0,0,0,0,0,0.8,0,0,0,0,0,0,1,0,0,0,0,0,0,0,0,99,0,,0,0,0,0,
23,6.05,0,-1.66,0,0,0,0,0,0.1755,6.05,0,0,-6.3,0,0,0,0,0.0572958,0,0,0,0,98,0,0,0,0,0,0,58,0,0.00034,0.00034,0,0,0,0,0,1.8,0,0,0,0,0,0,1,0,0,0,0,0,0,0,0,98,0,,0,0,0,0,
76,6.32,0,13.61,0,0,0,0,0,-1.487,6.1375,0,0,5.7,0,0,0,0,0.0572958,0,0,0,0,98,0,0,0,0,0,0,58,0,0.00034,0.00034,0,0,0,0,0,6.2,0,0,0,0,0,0,1,0,0,0,0,0,0,0,0,98,0,,0,0,0,0,
115,11.42,0,11.04,0,0,0,0,0,-2.187,11.2125,0,0,-16.3,0,0,0,0,0.0572958,0,0,0,0,65,0,0,0,0,0,0,58,0,0.00034,0.00034,0,0,0,0,0,0.8,0,0,0,0,0,0,1,0,0,0,0,0,0,0,0,99,0,,0,0,0,0,
END,Total:7
START,FrameNb:48,CameraNb:0,HeSaiNb:0,ARS410Nb:0
2026/08/02 16:23:51:730---->
heightOffset:0,1785659031730,1321421,selfCaliBufCnt:0,selfAccObjCnt:0,selfAccAngle:0,installHAngleOffset:0,Interpolation:0,installVAngleOffset:0,radarOffsetH:0,radarOffsetV:0.32,Polynom:-0.001023;-0.0511;-2.047;0;0;0;-0.001023;-0.0511;-2.047;-25.5;0;0,WheelDirection:0;0;0;0,selfAngleOffset:0,selfAngleOffsetPit:0,currCaliAngleHrz:0,currCaliAnglePit:0,selfCaliAngleHrz:0,selfCaliAnglePit:0,servCaliAngleHrz:0,servCaliAnglePit:0,offlineCaliAngleHrz:0,offlineCaliAnglePit:0,determine2useFlag:0,IMU_Z_Accel:0,IMU_X_AngularRate:0,IMU_Y_AngularRate:0,IMU_RollAngle:0,IMU_PitchAngle:0,IMU_YawAngle:0,FcwID:0,FCWWarningLevel:0,FCWTTC:0
14,10.5,-0.08,-49.32,0,0,0,0,0,7.963,6.8375,-0.125,-0.125,22.3,0,0,0,0,0.0572958,0,0,0,0,97,0,0,0,0,0,0,54,0,0.00034,0.00034,0,0,0,0,0,0.8,0,0,0,0,0,0,1,0,0,0,0,0,0,0,0,99,0,,0,0,0,0,
16,16.56,0,17.84,0,0,0,0,0,-5.0745,15.7625,-0.125,0,-17.7,0,0,0,0,0.0572958,0,0,0,0,96,0,0,0,0,0,0,54,0,0.00034,0.00034,0,0,0,0,0,0.8,0,0,0,0,0,0,1,0,0,0,0,0,0,0,0,30,0,,0,0,0,0,
20,6.92,0,-22.3,0,0,0,0,0,2.6255,6.4,0,0,4.9,0,0,0,0,0.0572958,0,0,0,0,95,0,0,0,0,0,0,54,0,0.00034,0.00034,0,0,0,0,0,0.8,0,0,0,0,0,0,1,0,0,0,0,0,0,0,0,99,0,,0,0,0,0,
21,9.22,0,-24.09,0,0,0,0,0,3.763,8.4125,-0.125,0,4.9,0,0,0,0,0.0572958,0,0,0,0,96,0,0,0,0,0,0,54,0,0.00034,0.00034,0,0,0,0,0,0.8,0,0,0,0,0,0,1,0,0,0,0,0,0,0,0,99,0,,0,0,0,0,
23,6.05,0,-1.66,0,0,0,0,0,0.1755,6.05,0,0,-6.3,0,0,0,0,0.0572958,0,0,0,0,98,0,0,0,0,0,0,54,0,0.00034,0.00034,0,0,0,0,0,1.8,0,0,0,0,0,0,1,0,0,0,0,0,0,0,0,98,0,,0,0,0,0,
76,6.32,0,13.61,0,0,0,0,0,-1.487,6.1375,0,0,5.7,0,0,0,0,0.0572958,0,0,0,0,98,0,0,0,0,0,0,54,0,0.00034,0.00034,0,0,0,0,0,6.2,0,0,0,0,0,0,1,0,0,0,0,0,0,0,0,98,0,,0,0,0,0,
115,11.42,0,11.04,0,0,0,0,0,-2.187,11.2125,0,0,-16.3,0,0,0,0,0.0572958,0,0,0,0,65,0,0,0,0,0,0,54,0,0.00034,0.00034,0,0,0,0,0,0.8,0,0,0,0,0,0,1,0,0,0,0,0,0,0,0,99,0,,0,0,0,0,
END,Total:7
START,FrameNb:49,CameraNb:0,HeSaiNb:0,ARS410Nb:0
2026/08/02 16:23:51:792---->
heightOffset:0,1785659031792,1321471,selfCaliBufCnt:0,selfAccObjCnt:0,selfAccAngle:0,installHAngleOffset:0,Interpolation:0,installVAngleOffset:0,radarOffsetH:0,radarOffsetV:0.32,Polynom:-0.001023;-0.0511;-2.047;0;0;0;-0.001023;-0.0511;-2.047;-25.5;0;0,WheelDirection:0;0;0;0,selfAngleOffset:0,selfAngleOffsetPit:0,currCaliAngleHrz:0,currCaliAnglePit:0,selfCaliAngleHrz:0,selfCaliAnglePit:0,servCaliAngleHrz:0,servCaliAnglePit:0,offlineCaliAngleHrz:0,offlineCaliAnglePit:0,determine2useFlag:0,IMU_Z_Accel:0,IMU_X_AngularRate:0,IMU_Y_AngularRate:0,IMU_RollAngle:0,IMU_PitchAngle:0,IMU_YawAngle:0,FcwID:0,FCWWarningLevel:0,FCWTTC:0
14,10.5,-0.08,-49.32,0,0,0,0,0,7.963,6.8375,-0.125,-0.125,22.3,0,0,0,0,0.0572958,0,0,0,0,97,0,0,0,0,0,0,61,0,0.00034,0.00034,0,0,0,0,0,0.8,0,0,0,0,0,0,1,0,0,0,0,0,0,0,0,99,0,,0,0,0,0,
16,16.56,0,17.84,0,0,0,0,0,-5.0745,15.7625,0,0,-17.7,0,0,0,0,0.0572958,0,0,0,0,96,0,0,0,0,0,0,61,0,0.00034,0.00034,0,0,0,0,0,0.8,0,0,0,0,0,0,1,0,0,0,0,0,0,0,0,30,0,,0,0,0,0,
20,6.92,0,-22.3,0,0,0,0,0,2.6255,6.4,0,0,4.9,0,0,0,0,0.0572958,0,0,0,0,95,0,0,0,0,0,0,61,0,0.00034,0.00034,0,0,0,0,0,0.8,0,0,0,0,0,0,1,0,0,0,0,0,0,0,0,99,0,,0,0,0,0,
21,9.22,0,-24.09,0,0,0,0,0,3.763,8.4125,-0.125,0,4.9,0,0,0,0,0.0572958,0,0,0,0,96,0,0,0,0,0,0,61,0,0.00034,0.00034,0,0,0,0,0,0.8,0,0,0,0,0,0,1,0,0,0,0,0,0,0,0,99,0,,0,0,0,0,
23,6.05,0,-1.66,0,0,0,0,0,0.1755,6.05,0,0,-6.3,0,0,0,0,0.0572958,0,0,0,0,98,0,0,0,0,0,0,61,0,0.00034,0.00034,0,0,0,0,0,2,0,0,0,0,0,0,1,0,0,0,0,0,0,0,0,98,0,,0,0,0,0,
76,6.32,0,13.61,0,0,0,0,0,-1.487,6.1375,0,0,5.7,0,0,0,0,0.0572958,0,0,0,0,98,0,0,0,0,0,0,61,0,0.00034,0.00034,0,0,0,0,0,6.2,0,0,0,0,0,0,1,0,0,0,0,0,0,0,0,98,0,,0,0,0,0,
115,11.42,0,11.04,0,0,0,0,0,-2.187,11.2125,0,0,-16.3,0,0,0,0,0.0572958,0,0,0,0,65,0,0,0,0,0,0,61,0,0.00034,0.00034,0,0,0,0,0,0.8,0,0,0,0,0,0,1,0,0,0,0,0,0,0,0,99,0,,0,0,0,0,
END,Total:7
START,FrameNb:50,CameraNb:0,HeSaiNb:0,ARS410Nb:0
2026/08/02 16:23:51:854---->
heightOffset:0,1785659031854,1321521,selfCaliBufCnt:0,selfAccObjCnt:0,selfAccAngle:0,installHAngleOffset:0,Interpolation:0,installVAngleOffset:0,radarOffsetH:0,radarOffsetV:0.32,Polynom:-0.001023;-0.0511;-2.047;0;0;0;-0.001023;-0.0511;-2.047;-25.5;0;0,WheelDirection:0;0;0;0,selfAngleOffset:0,selfAngleOffsetPit:0,currCaliAngleHrz:0,currCaliAnglePit:0,selfCaliAngleHrz:0,selfCaliAnglePit:0,servCaliAngleHrz:0,servCaliAnglePit:0,offlineCaliAngleHrz:0,offlineCaliAnglePit:0,determine2useFlag:0,IMU_Z_Accel:0,IMU_X_AngularRate:0,IMU_Y_AngularRate:0,IMU_RollAngle:0,IMU_PitchAngle:0,IMU_YawAngle:0,FcwID:0,FCWWarningLevel:0,FCWTTC:0
14,10.5,-0.08,-49.32,0,0,0,0,0,7.963,6.8375,-0.125,-0.125,22.3,0,0,0,0,0.0572958,0,0,0,0,97,0,0,0,0,0,0,58,0,0.00034,0.00034,0,0,0,0,0,0.8,0,0,0,0,0,0,1,0,0,0,0,0,0,0,0,99,0,,0,0,0,0,
16,16.56,0,17.84,0,0,0,0,0,-5.0745,15.7625,0,0,-17.7,0,0,0,0,0.0572958,0,0,0,0,96,0,0,0,0,0,0,58,0,0.00034,0.00034,0,0,0,0,0,0.8,0,0,0,0,0,0,1,0,0,0,0,0,0,0,0,30,0,,0,0,0,0,
20,6.92,0,-22.3,0,0,0,0,0,2.6255,6.4,0,0,4.9,0,0,0,0,0.0572958,0,0,0,0,95,0,0,0,0,0,0,58,0,0.00034,0.00034,0,0,0,0,0,0.8,0,0,0,0,0,0,1,0,0,0,0,0,0,0,0,99,0,,0,0,0,0,
21,9.22,0,-24.09,0,0,0,0,0,3.763,8.4125,-0.125,0,4.9,0,0,0,0,0.0572958,0,0,0,0,96,0,0,0,0,0,0,58,0,0.00034,0.00034,0,0,0,0,0,0.8,0,0,0,0,0,0,1,0,0,0,0,0,0,0,0,99,0,,0,0,0,0,
23,6.05,0,-1.66,0,0,0,0,0,0.1755,6.05,0,0,-6.3,0,0,0,0,0.0572958,0,0,0,0,98,0,0,0,0,0,0,58,0,0.00034,0.00034,0,0,0,0,0,2,0,0,0,0,0,0,1,0,0,0,0,0,0,0,0,98,0,,0,0,0,0,
76,6.32,0,13.61,0,0,0,0,0,-1.487,6.1375,0,0,5.7,0,0,0,0,0.0572958,0,0,0,0,98,0,0,0,0,0,0,58,0,0.00034,0.00034,0,0,0,0,0,6.2,0,0,0,0,0,0,1,0,0,0,0,0,0,0,0,98,0,,0,0,0,0,
115,11.42,0,11.04,0,0,0,0,0,-2.187,11.2125,0,0,-16.3,0,0,0,0,0.0572958,0,0,0,0,65,0,0,0,0,0,0,58,0,0.00034,0.00034,0,0,0,0,0,0.8,0,0,0,0,0,0,1,0,0,0,0,0,0,0,0,99,0,,0,0,0,0,
END,Total:7
START,FrameNb:51,CameraNb:0,HeSaiNb:0,ARS410Nb:0
2026/08/02 16:23:51:886---->
heightOffset:0,1785659031886,1321571,selfCaliBufCnt:0,selfAccObjCnt:0,selfAccAngle:0,installHAngleOffset:0,Interpolation:0,installVAngleOffset:0,radarOffsetH:0,radarOffsetV:0.32,Polynom:-0.001023;-0.0511;-2.047;0;0;0;-0.001023;-0.0511;-2.047;-25.5;0;0,WheelDirection:0;0;0;0,selfAngleOffset:0,selfAngleOffsetPit:0,currCaliAngleHrz:0,currCaliAnglePit:0,selfCaliAngleHrz:0,selfCaliAnglePit:0,servCaliAngleHrz:0,servCaliAnglePit:0,offlineCaliAngleHrz:0,offlineCaliAnglePit:0,determine2useFlag:0,IMU_Z_Accel:0,IMU_X_AngularRate:0,IMU_Y_AngularRate:0,IMU_RollAngle:0,IMU_PitchAngle:0,IMU_YawAngle:0,FcwID:0,FCWWarningLevel:0,FCWTTC:0
14,10.5,-0.08,-49.32,0,0,0,0,0,7.963,6.8375,-0.125,-0.125,22.3,0,0,0,0,0.0572958,0,0,0,0,97,0,0,0,0,0,0,61,0,0.00034,0.00034,0,0,0,0,0,0.8,0,0,0,0,0,0,1,0,0,0,0,0,0,0,0,99,0,,0,0,0,0,
16,16.56,0,17.84,0,0,0,0,0,-5.0745,15.7625,0,0,-17.7,0,0,0,0,0.0572958,0,0,0,0,96,0,0,0,0,0,0,61,0,0.00034,0.00034,0,0,0,0,0,0.8,0,0,0,0,0,0,1,0,0,0,0,0,0,0,0,30,0,,0,0,0,0,
20,6.92,0,-22.3,0,0,0,0,0,2.6255,6.4,0,0,4.9,0,0,0,0,0.0572958,0,0,0,0,95,0,0,0,0,0,0,61,0,0.00034,0.00034,0,0,0,0,0,0.8,0,0,0,0,0,0,1,0,0,0,0,0,0,0,0,99,0,,0,0,0,0,
21,9.22,0,-24.09,0,0,0,0,0,3.763,8.4125,-0.125,0,4.9,0,0,0,0,0.0572958,0,0,0,0,96,0,0,0,0,0,0,61,0,0.00034,0.00034,0,0,0,0,0,0.8,0,0,0,0,0,0,1,0,0,0,0,0,0,0,0,99,0,,0,0,0,0,
23,6.05,0,-1.66,0,0,0,0,0,0.1755,6.05,0,0,-6.3,0,0,0,0,0.0572958,0,0,0,0,98,0,0,0,0,0,0,61,0,0.00034,0.00034,0,0,0,0,0,2,0,0,0,0,0,0,1,0,0,0,0,0,0,0,0,98,0,,0,0,0,0,
76,6.32,0,13.61,0,0,0,0,0,-1.487,6.1375,-0.125,0,5.7,0,0,0,0,0.0572958,0,0,0,0,98,0,0,0,0,0,0,61,0,0.00034,0.00034,0,0,0,0,0,6.2,0,0,0,0,0,0,1,0,0,0,0,0,0,0,0,98,0,,0,0,0,0,
115,11.42,0,11.04,0,0,0,0,0,-2.187,11.2125,0,0,-16.3,0,0,0,0,0.0572958,0,0,0,0,65,0,0,0,0,0,0,61,0,0.00034,0.00034,0,0,0,0,0,0.8,0,0,0,0,0,0,1,0,0,0,0,0,0,0,0,99,0,,0,0,0,0,
END,Total:7
START,FrameNb:52,CameraNb:0,HeSaiNb:0,ARS410Nb:0
2026/08/02 16:23:51:941---->
heightOffset:0,1785659031941,1321622,selfCaliBufCnt:0,selfAccObjCnt:0,selfAccAngle:0,installHAngleOffset:0,Interpolation:0,installVAngleOffset:0,radarOffsetH:0,radarOffsetV:0.32,Polynom:-0.001023;-0.0511;-2.047;0;0;0;-0.001023;-0.0511;-2.047;-25.5;0;0,WheelDirection:0;0;0;0,selfAngleOffset:0,selfAngleOffsetPit:0,currCaliAngleHrz:0,currCaliAnglePit:0,selfCaliAngleHrz:0,selfCaliAnglePit:0,servCaliAngleHrz:0,servCaliAnglePit:0,offlineCaliAngleHrz:0,offlineCaliAnglePit:0,determine2useFlag:0,IMU_Z_Accel:0,IMU_X_AngularRate:0,IMU_Y_AngularRate:0,IMU_RollAngle:0,IMU_PitchAngle:0,IMU_YawAngle:0,FcwID:0,FCWWarningLevel:0,FCWTTC:0
14,10.5,-0.08,-49.32,0,0,0,0,0,7.963,6.8375,-0.125,-0.125,22.3,0,0,0,0,0.0572958,0,0,0,0,97,0,0,0,0,0,0,54,0,0.00034,0.00034,0,0,0,0,0,0.8,0,0,0,0,0,0,1,0,0,0,0,0,0,0,0,99,0,,0,0,0,0,
16,16.56,0,17.84,0,0,0,0,0,-5.0745,15.7625,0,0,-17.7,0,0,0,0,0.0572958,0,0,0,0,96,0,0,0,0,0,0,54,0,0.00034,0.00034,0,0,0,0,0,0.8,0,0,0,0,0,0,1,0,0,0,0,0,0,0,0,30,0,,0,0,0,0,
20,6.92,0,-22.3,0,0,0,0,0,2.6255,6.4,0,0,4.9,0,0,0,0,0.0572958,0,0,0,0,95,0,0,0,0,0,0,54,0,0.00034,0.00034,0,0,0,0,0,0.8,0,0,0,0,0,0,1,0,0,0,0,0,0,0,0,99,0,,0,0,0,0,
21,9.22,0,-24.09,0,0,0,0,0,3.763,8.4125,-0.125,0,4.9,0,0,0,0,0.0572958,0,0,0,0,96,0,0,0,0,0,0,54,0,0.00034,0.00034,0,0,0,0,0,0.8,0,0,0,0,0,0,1,0,0,0,0,0,0,0,0,99,0,,0,0,0,0,
23,6.05,0,-1.66,0,0,0,0,0,0.1755,6.05,0,0,-6.3,0,0,0,0,0.0572958,0,0,0,0,98,0,0,0,0,0,0,54,0,0.00034,0.00034,0,0,0,0,0,2,0,0,0,0,0,0,1,0,0,0,0,0,0,0,0,98,0,,0,0,0,0,
76,6.32,0,13.61,0,0,0,0,0,-1.487,6.1375,0,0,5.7,0,0,0,0,0.0572958,0,0,0,0,98,0,0,0,0,0,0,54,0,0.00034,0.00034,0,0,0,0,0,6.2,0,0,0,0,0,0,1,0,0,0,0,0,0,0,0,98,0,,0,0,0,0,
115,11.42,0,11.04,0,0,0,0,0,-2.187,11.2125,0,0,-16.3,0,0,0,0,0.0572958,0,0,0,0,65,0,0,0,0,0,0,54,0,0.00034,0.00034,0,0,0,0,0,0.8,0,0,0,0,0,0,1,0,0,0,0,0,0,0,0,99,0,,0,0,0,0,
END,Total:7
START,FrameNb:53,CameraNb:0,HeSaiNb:0,ARS410Nb:0
2026/08/02 16:23:51:980---->
heightOffset:0,1785659031980,1321671,selfCaliBufCnt:0,selfAccObjCnt:0,selfAccAngle:0,installHAngleOffset:0,Interpolation:0,installVAngleOffset:0,radarOffsetH:0,radarOffsetV:0.32,Polynom:-0.001023;-0.0511;-2.047;0;0;0;-0.001023;-0.0511;-2.047;-25.5;0;0,WheelDirection:0;0;0;0,selfAngleOffset:0,selfAngleOffsetPit:0,currCaliAngleHrz:0,currCaliAnglePit:0,selfCaliAngleHrz:0,selfCaliAnglePit:0,servCaliAngleHrz:0,servCaliAnglePit:0,offlineCaliAngleHrz:0,offlineCaliAnglePit:0,determine2useFlag:0,IMU_Z_Accel:0,IMU_X_AngularRate:0,IMU_Y_AngularRate:0,IMU_RollAngle:0,IMU_PitchAngle:0,IMU_YawAngle:0,FcwID:0,FCWWarningLevel:0,FCWTTC:0
14,10.5,-0.08,-49.32,0,0,0,0,0,7.963,6.8375,-0.125,-0.125,22.3,0,0,0,0,0.0572958,0,0,0,0,97,0,0,0,0,0,0,58,0,0.00034,0.00034,0,0,0,0,0,0.8,0,0,0,0,0,0,1,0,0,0,0,0,0,0,0,99,0,,0,0,0,0,
16,16.56,0,17.84,0,0,0,0,0,-5.0745,15.7625,0,0,-17.7,0,0,0,0,0.0572958,0,0,0,0,96,0,0,0,0,0,0,58,0,0.00034,0.00034,0,0,0,0,0,0.8,0,0,0,0,0,0,1,0,0,0,0,0,0,0,0,30,0,,0,0,0,0,
20,6.92,0,-22.3,0,0,0,0,0,2.6255,6.4,0,0,4.9,0,0,0,0,0.0572958,0,0,0,0,95,0,0,0,0,0,0,58,0,0.00034,0.00034,0,0,0,0,0,0.8,0,0,0,0,0,0,1,0,0,0,0,0,0,0,0,99,0,,0,0,0,0,
21,9.22,0,-24.09,0,0,0,0,0,3.763,8.4125,-0.125,0,4.9,0,0,0,0,0.0572958,0,0,0,0,96,0,0,0,0,0,0,58,0,0.00034,0.00034,0,0,0,0,0,0.8,0,0,0,0,0,0,1,0,0,0,0,0,0,0,0,99,0,,0,0,0,0,
23,6.05,0,-1.66,0,0,0,0,0,0.1755,6.05,0,0,-6.3,0,0,0,0,0.0572958,0,0,0,0,98,0,0,0,0,0,0,58,0,0.00034,0.00034,0,0,0,0,0,2,0,0,0,0,0,0,1,0,0,0,0,0,0,0,0,98,0,,0,0,0,0,
76,6.32,0,13.61,0,0,0,0,0,-1.487,6.1375,0,0,5.7,0,0,0,0,0.0572958,0,0,0,0,98,0,0,0,0,0,0,58,0,0.00034,0.00034,0,0,0,0,0,6.2,0,0,0,0,0,0,1,0,0,0,0,0,0,0,0,98,0,,0,0,0,0,
115,11.42,0,11.04,0,0,0,0,0,-2.187,11.2125,0,0,-16.3,0,0,0,0,0.0572958,0,0,0,0,65,0,0,0,0,0,0,58,0,0.00034,0.00034,0,0,0,0,0,0.8,0,0,0,0,0,0,1,0,0,0,0,0,0,0,0,99,0,,0,0,0,0,
END,Total:7
START,FrameNb:54,CameraNb:0,HeSaiNb:0,ARS410Nb:0
2026/08/02 16:23:52:041---->
heightOffset:0,1785659032041,1321721,selfCaliBufCnt:0,selfAccObjCnt:0,selfAccAngle:0,installHAngleOffset:0,Interpolation:0,installVAngleOffset:0,radarOffsetH:0,radarOffsetV:0.32,Polynom:-0.001023;-0.0511;-2.047;0;0;0;-0.001023;-0.0511;-2.047;-25.5;0;0,WheelDirection:0;0;0;0,selfAngleOffset:0,selfAngleOffsetPit:0,currCaliAngleHrz:0,currCaliAnglePit:0,selfCaliAngleHrz:0,selfCaliAnglePit:0,servCaliAngleHrz:0,servCaliAnglePit:0,offlineCaliAngleHrz:0,offlineCaliAnglePit:0,determine2useFlag:0,IMU_Z_Accel:0,IMU_X_AngularRate:0,IMU_Y_AngularRate:0,IMU_RollAngle:0,IMU_PitchAngle:0,IMU_YawAngle:0,FcwID:0,FCWWarningLevel:0,FCWTTC:0
14,10.5,-0.08,-49.32,0,0,0,0,0,7.963,6.8375,0,-0.125,22.3,0,0,0,0,0.0572958,0,0,0,0,97,0,0,0,0,0,0,58,0,0.00034,0.00034,0,0,0,0,0,0.8,0,0,0,0,0,0,1,0,0,0,0,0,0,0,0,99,0,,0,0,0,0,
16,16.56,0,17.84,0,0,0,0,0,-5.0745,15.7625,0,0,-17.7,0,0,0,0,0.0572958,0,0,0,0,96,0,0,0,0,0,0,58,0,0.00034,0.00034,0,0,0,0,0,0.8,0,0,0,0,0,0,1,0,0,0,0,0,0,0,0,30,0,,0,0,0,0,
20,6.92,0,-22.3,0,0,0,0,0,2.6255,6.4,0,0,4.9,0,0,0,0,0.0572958,0,0,0,0,95,0,0,0,0,0,0,58,0,0.00034,0.00034,0,0,0,0,0,0.8,0,0,0,0,0,0,1,0,0,0,0,0,0,0,0,99,0,,0,0,0,0,
21,9.22,0,-24.09,0,0,0,0,0,3.763,8.4125,-0.125,0,5.1,0,0,0,0,0.0572958,0,0,0,0,96,0,0,0,0,0,0,58,0,0.00034,0.00034,0,0,0,0,0,0.8,0,0,0,0,0,0,1,0,0,0,0,0,0,0,0,99,0,,0,0,0,0,
23,6.05,0,-1.66,0,0,0,0,0,0.1755,6.05,-0.125,0,-6.3,0,0,0,0,0.0572958,0,0,0,0,98,0,0,0,0,0,0,58,0,0.00034,0.00034,0,0,0,0,0,2,0,0,0,0,0,0,1,0,0,0,0,0,0,0,0,98,0,,0,0,0,0,
76,6.32,0,13.61,0,0,0,0,0,-1.487,6.1375,0,0,5.7,0,0,0,0,0.0572958,0,0,0,0,98,0,0,0,0,0,0,58,0,0.00034,0.00034,0,0,0,0,0,6.2,0,0,0,0,0,0,1,0,0,0,0,0,0,0,0,98,0,,0,0,0,0,
115,11.42,0,11.04,0,0,0,0,0,-2.187,11.2125,0,0,-16.3,0,0,0,0,0.0572958,0,0,0,0,65,0,0,0,0,0,0,58,0,0.00034,0.00034,0,0,0,0,0,0.8,0,0,0,0,0,0,1,0,0,0,0,0,0,0,0,99,0,,0,0,0,0,
END,Total:7
START,FrameNb:55,CameraNb:0,HeSaiNb:0,ARS410Nb:0
2026/08/02 16:23:52:104---->
heightOffset:0,1785659032104,1321771,selfCaliBufCnt:0,selfAccObjCnt:0,selfAccAngle:0,installHAngleOffset:0,Interpolation:0,installVAngleOffset:0,radarOffsetH:0,radarOffsetV:0.32,Polynom:-0.001023;-0.0511;-2.047;0;0;0;-0.001023;-0.0511;-2.047;-25.5;0;0,WheelDirection:0;0;0;0,selfAngleOffset:0,selfAngleOffsetPit:0,currCaliAngleHrz:0,currCaliAnglePit:0,selfCaliAngleHrz:0,selfCaliAnglePit:0,servCaliAngleHrz:0,servCaliAnglePit:0,offlineCaliAngleHrz:0,offlineCaliAnglePit:0,determine2useFlag:0,IMU_Z_Accel:0,IMU_X_AngularRate:0,IMU_Y_AngularRate:0,IMU_RollAngle:0,IMU_PitchAngle:0,IMU_YawAngle:0,FcwID:0,FCWWarningLevel:0,FCWTTC:0
14,10.5,-0.08,-49.32,0,0,0,0,0,7.963,6.8375,0,-0.125,22.3,0,0,0,0,0.0572958,0,0,0,0,97,0,0,0,0,0,0,54,0,0.00034,0.00034,0,0,0,0,0,0.8,0,0,0,0,0,0,1,0,0,0,0,0,0,0,0,99,0,,0,0,0,0,
16,16.56,0,17.84,0,0,0,0,0,-5.0745,15.7625,0,0,-17.7,0,0,0,0,0.0572958,0,0,0,0,96,0,0,0,0,0,0,54,0,0.00034,0.00034,0,0,0,0,0,0.8,0,0,0,0,0,0,1,0,0,0,0,0,0,0,0,30,0,,0,0,0,0,
20,6.92,0,-22.3,0,0,0,0,0,2.6255,6.4,0,0,4.9,0,0,0,0,0.0572958,0,0,0,0,95,0,0,0,0,0,0,54,0,0.00034,0.00034,0,0,0,0,0,0.8,0,0,0,0,0,0,1,0,0,0,0,0,0,0,0,99,0,,0,0,0,0,
21,9.22,0,-24.09,0,0,0,0,0,3.763,8.4125,-0.125,0,5.3,0,0,0,0,0.0572958,0,0,0,0,96,0,0,0,0,0,0,54,0,0.00034,0.00034,0,0,0,0,0,0.8,0,0,0,0,0,0,1,0,0,0,0,0,0,0,0,99,0,,0,0,0,0,
23,6.05,0,-1.66,0,0,0,0,0,0.1755,6.05,-0.125,0,-6.3,0,0,0,0,0.0572958,0,0,0,0,98,0,0,0,0,0,0,54,0,0.00034,0.00034,0,0,0,0,0,2,0,0,0,0,0,0,1,0,0,0,0,0,0,0,0,98,0,,0,0,0,0,
76,6.32,0,13.61,0,0,0,0,0,-1.487,6.1375,0,0,5.7,0,0,0,0,0.0572958,0,0,0,0,98,0,0,0,0,0,0,54,0,0.00034,0.00034,0,0,0,0,0,6.2,0,0,0,0,0,0,1,0,0,0,0,0,0,0,0,98,0,,0,0,0,0,
115,11.42,0,11.04,0,0,0,0,0,-2.187,11.2125,0,0,-16.3,0,0,0,0,0.0572958,0,0,0,0,65,0,0,0,0,0,0,54,0,0.00034,0.00034,0,0,0,0,0,0.8,0,0,0,0,0,0,1,0,0,0,0,0,0,0,0,99,0,,0,0,0,0,
END,Total:7
START,FrameNb:56,CameraNb:0,HeSaiNb:0,ARS410Nb:0
2026/08/02 16:23:52:136---->
heightOffset:0,1785659032136,1321821,selfCaliBufCnt:0,selfAccObjCnt:0,selfAccAngle:0,installHAngleOffset:0,Interpolation:0,installVAngleOffset:0,radarOffsetH:0,radarOffsetV:0.32,Polynom:-0.001023;-0.0511;-2.047;0;0;0;-0.001023;-0.0511;-2.047;-25.5;0;0,WheelDirection:0;0;0;0,selfAngleOffset:0,selfAngleOffsetPit:0,currCaliAngleHrz:0,currCaliAnglePit:0,selfCaliAngleHrz:0,selfCaliAnglePit:0,servCaliAngleHrz:0,servCaliAnglePit:0,offlineCaliAngleHrz:0,offlineCaliAnglePit:0,determine2useFlag:0,IMU_Z_Accel:0,IMU_X_AngularRate:0,IMU_Y_AngularRate:0,IMU_RollAngle:0,IMU_PitchAngle:0,IMU_YawAngle:0,FcwID:0,FCWWarningLevel:0,FCWTTC:0
14,10.5,-0.08,-49.32,0,0,0,0,0,7.963,6.8375,0,-0.125,22.3,0,0,0,0,0.0572958,0,0,0,0,97,0,0,0,0,0,0,58,0,0.00034,0.00034,0,0,0,0,0,0.8,0,0,0,0,0,0,1,0,0,0,0,0,0,0,0,99,0,,0,0,0,0,
16,16.56,0,17.84,0,0,0,0,0,-5.0745,15.7625,0,0,-17.7,0,0,0,0,0.0572958,0,0,0,0,96,0,0,0,0,0,0,58,0,0.00034,0.00034,0,0,0,0,0,0.8,0,0,0,0,0,0,1,0,0,0,0,0,0,0,0,30,0,,0,0,0,0,
20,6.92,0,-22.3,0,0,0,0,0,2.6255,6.4,0,0,4.9,0,0,0,0,0.0572958,0,0,0,0,95,0,0,0,0,0,0,58,0,0.00034,0.00034,0,0,0,0,0,0.8,0,0,0,0,0,0,1,0,0,0,0,0,0,0,0,99,0,,0,0,0,0,
21,9.22,0,-24.09,0,0,0,0,0,3.763,8.4125,-0.125,0,5.3,0,0,0,0,0.0572958,0,0,0,0,96,0,0,0,0,0,0,58,0,0.00034,0.00034,0,0,0,0,0,0.8,0,0,0,0,0,0,1,0,0,0,0,0,0,0,0,99,0,,0,0,0,0,
23,6.05,0,-1.66,0,0,0,0,0,0.1755,6.05,0,0,-6.3,0,0,0,0,0.0572958,0,0,0,0,98,0,0,0,0,0,0,58,0,0.00034,0.00034,0,0,0,0,0,1.6,0,0,0,0,0,0,1,0,0,0,0,0,0,0,0,98,0,,0,0,0,0,
76,6.32,0,13.61,0,0,0,0,0,-1.487,6.1375,-0.125,0,5.7,0,0,0,0,0.0572958,0,0,0,0,98,0,0,0,0,0,0,58,0,0.00034,0.00034,0,0,0,0,0,6.2,0,0,0,0,0,0,1,0,0,0,0,0,0,0,0,98,0,,0,0,0,0,
115,11.42,0,11.04,0,0,0,0,0,-2.187,11.2125,0,0,-16.3,0,0,0,0,0.0572958,0,0,0,0,65,0,0,0,0,0,0,58,0,0.00034,0.00034,0,0,0,0,0,0.8,0,0,0,0,0,0,1,0,0,0,0,0,0,0,0,99,0,,0,0,0,0,
END,Total:7
START,FrameNb:57,CameraNb:0,HeSaiNb:0,ARS410Nb:0
2026/08/02 16:23:52:184---->
heightOffset:0,1785659032184,1321871,selfCaliBufCnt:0,selfAccObjCnt:0,selfAccAngle:0,installHAngleOffset:0,Interpolation:0,installVAngleOffset:0,radarOffsetH:0,radarOffsetV:0.32,Polynom:-0.001023;-0.0511;-2.047;0;0;0;-0.001023;-0.0511;-2.047;-25.5;0;0,WheelDirection:0;0;0;0,selfAngleOffset:0,selfAngleOffsetPit:0,currCaliAngleHrz:0,currCaliAnglePit:0,selfCaliAngleHrz:0,selfCaliAnglePit:0,servCaliAngleHrz:0,servCaliAnglePit:0,offlineCaliAngleHrz:0,offlineCaliAnglePit:0,determine2useFlag:0,IMU_Z_Accel:0,IMU_X_AngularRate:0,IMU_Y_AngularRate:0,IMU_RollAngle:0,IMU_PitchAngle:0,IMU_YawAngle:0,FcwID:0,FCWWarningLevel:0,FCWTTC:0
14,10.5,-0.08,-49.32,0,0,0,0,0,7.963,6.8375,0,-0.125,22.3,0,0,0,0,0.0572958,0,0,0,0,97,0,0,0,0,0,0,57,0,0.00034,0.00034,0,0,0,0,0,0.8,0,0,0,0,0,0,1,0,0,0,0,0,0,0,0,99,0,,0,0,0,0,
16,16.56,0,17.84,0,0,0,0,0,-5.0745,15.7625,0,0,-17.7,0,0,0,0,0.0572958,0,0,0,0,96,0,0,0,0,0,0,57,0,0.00034,0.00034,0,0,0,0,0,0.8,0,0,0,0,0,0,1,0,0,0,0,0,0,0,0,30,0,,0,0,0,0,
20,6.92,0,-22.3,0,0,0,0,0,2.6255,6.4,0,0,4.9,0,0,0,0,0.0572958,0,0,0,0,95,0,0,0,0,0,0,57,0,0.00034,0.00034,0,0,0,0,0,0.8,0,0,0,0,0,0,1,0,0,0,0,0,0,0,0,99,0,,0,0,0,0,
21,9.22,0,-24.09,0,0,0,0,0,3.763,8.4125,-0.125,0,5.3,0,0,0,0,0.0572958,0,0,0,0,96,0,0,0,0,0,0,57,0,0.00034,0.00034,0,0,0,0,0,0.8,0,0,0,0,0,0,1,0,0,0,0,0,0,0,0,99,0,,0,0,0,0,
23,6.05,0,-1.66,0,0,0,0,0,0.1755,6.05,0,0,-6.3,0,0,0,0,0.0572958,0,0,0,0,98,0,0,0,0,0,0,57,0,0.00034,0.00034,0,0,0,0,0,1.8,0,0,0,0,0,0,1,0,0,0,0,0,0,0,0,98,0,,0,0,0,0,
76,6.32,0,13.61,0,0,0,0,0,-1.487,6.1375,0,0,5.7,0,0,0,0,0.0572958,0,0,0,0,98,0,0,0,0,0,0,57,0,0.00034,0.00034,0,0,0,0,0,6.2,0,0,0,0,0,0,1,0,0,0,0,0,0,0,0,98,0,,0,0,0,0,
115,11.42,0,11.04,0,0,0,0,0,-2.187,11.2125,0,0,-16.3,0,0,0,0,0.0572958,0,0,0,0,65,0,0,0,0,0,0,57,0,0.00034,0.00034,0,0,0,0,0,0.8,0,0,0,0,0,0,1,0,0,0,0,0,0,0,0,99,0,,0,0,0,0,
END,Total:7
START,FrameNb:58,CameraNb:0,HeSaiNb:0,ARS410Nb:0
2026/08/02 16:23:52:245---->
heightOffset:0,1785659032245,1321921,selfCaliBufCnt:0,selfAccObjCnt:0,selfAccAngle:0,installHAngleOffset:0,Interpolation:0,installVAngleOffset:0,radarOffsetH:0,radarOffsetV:0.32,Polynom:-0.001023;-0.0511;-2.047;0;0;0;-0.001023;-0.0511;-2.047;-25.5;0;0,WheelDirection:0;0;0;0,selfAngleOffset:0,selfAngleOffsetPit:0,currCaliAngleHrz:0,currCaliAnglePit:0,selfCaliAngleHrz:0,selfCaliAnglePit:0,servCaliAngleHrz:0,servCaliAnglePit:0,offlineCaliAngleHrz:0,offlineCaliAnglePit:0,determine2useFlag:0,IMU_Z_Accel:0,IMU_X_AngularRate:0,IMU_Y_AngularRate:0,IMU_RollAngle:0,IMU_PitchAngle:0,IMU_YawAngle:0,FcwID:0,FCWWarningLevel:0,FCWTTC:0
14,10.5,0,-49.32,0,0,0,0,0,7.963,6.8375,0,0,22.3,0,0,0,0,0.0572958,0,0,0,0,97,0,0,0,0,0,0,63,0,0.00034,0.00034,0,0,0,0,0,0.8,0,0,0,0,0,0,1,0,0,0,0,0,0,0,0,99,0,,0,0,0,0,
16,16.56,0,17.84,0,0,0,0,0,-5.0745,15.7625,0,0,-17.7,0,0,0,0,0.0572958,0,0,0,0,96,0,0,0,0,0,0,63,0,0.00034,0.00034,0,0,0,0,0,0.8,0,0,0,0,0,0,1,0,0,0,0,0,0,0,0,30,0,,0,0,0,0,
20,6.92,0,-22.3,0,0,0,0,0,2.6255,6.4,0,0,4.9,0,0,0,0,0.0572958,0,0,0,0,95,0,0,0,0,0,0,63,0,0.00034,0.00034,0,0,0,0,0,0.8,0,0,0,0,0,0,1,0,0,0,0,0,0,0,0,99,0,,0,0,0,0,
21,9.22,0,-24.09,0,0,0,0,0,3.763,8.4125,-0.125,0,5.1,0,0,0,0,0.0572958,0,0,0,0,96,0,0,0,0,0,0,63,0,0.00034,0.00034,0,0,0,0,0,0.8,0,0,0,0,0,0,1,0,0,0,0,0,0,0,0,99,0,,0,0,0,0,
23,6.05,0,-1.66,0,0,0,0,0,0.1755,6.05,-0.125,0,-6.3,0,0,0,0,0.0572958,0,0,0,0,98,0,0,0,0,0,0,63,0,0.00034,0.00034,0,0,0,0,0,1.8,0,0,0,0,0,0,1,0,0,0,0,0,0,0,0,98,0,,0,0,0,0,
76,6.32,0,13.61,0,0,0,0,0,-1.487,6.1375,0,0,5.7,0,0,0,0,0.0572958,0,0,0,0,98,0,0,0,0,0,0,63,0,0.00034,0.00034,0,0,0,0,0,6.2,0,0,0,0,0,0,1,0,0,0,0,0,0,0,0,98,0,,0,0,0,0,
115,11.42,0,11.04,0,0,0,0,0,-2.187,11.2125,0,0,-16.3,0,0,0,0,0.0572958,0,0,0,0,65,0,0,0,0,0,0,63,0,0.00034,0.00034,0,0,0,0,0,0.8,0,0,0,0,0,0,1,0,0,0,0,0,0,0,0,99,0,,0,0,0,0,
END,Total:7
START,FrameNb:59,CameraNb:0,HeSaiNb:0,ARS410Nb:0
2026/08/02 16:23:52:304---->
heightOffset:0,1785659032304,1321971,selfCaliBufCnt:0,selfAccObjCnt:0,selfAccAngle:0,installHAngleOffset:0,Interpolation:0,installVAngleOffset:0,radarOffsetH:0,radarOffsetV:0.32,Polynom:-0.001023;-0.0511;-2.047;0;0;0;-0.001023;-0.0511;-2.047;-25.5;0;0,WheelDirection:0;0;0;0,selfAngleOffset:0,selfAngleOffsetPit:0,currCaliAngleHrz:0,currCaliAnglePit:0,selfCaliAngleHrz:0,selfCaliAnglePit:0,servCaliAngleHrz:0,servCaliAnglePit:0,offlineCaliAngleHrz:0,offlineCaliAnglePit:0,determine2useFlag:0,IMU_Z_Accel:0,IMU_X_AngularRate:0,IMU_Y_AngularRate:0,IMU_RollAngle:0,IMU_PitchAngle:0,IMU_YawAngle:0,FcwID:0,FCWWarningLevel:0,FCWTTC:0
14,10.5,0,-49.32,0,0,0,0,0,7.963,6.8375,0,0,22.3,0,0,0,0,0.0572958,0,0,0,0,97,0,0,0,0,0,0,56,0,0.00034,0.00034,0,0,0,0,0,0.8,0,0,0,0,0,0,1,0,0,0,0,0,0,0,0,99,0,,0,0,0,0,
16,16.56,-0.12,17.84,0,0,0,0,0,-5.0745,15.7625,0,-0.125,-17.7,0,0,0,0,0.0572958,0,0,0,0,96,0,0,0,0,0,0,56,0,0.00034,0.00034,0,0,0,0,0,0.8,0,0,0,0,0,0,1,0,0,0,0,0,0,0,0,30,0,,0,0,0,0,
20,6.92,0,-22.3,0,0,0,0,0,2.6255,6.4,0,0,4.9,0,0,0,0,0.0572958,0,0,0,0,95,0,0,0,0,0,0,56,0,0.00034,0.00034,0,0,0,0,0,0.8,0,0,0,0,0,0,1,0,0,0,0,0,0,0,0,99,0,,0,0,0,0,
21,9.22,0,-24.09,0,0,0,0,0,3.763,8.4125,-0.125,0,5.1,0,0,0,0,0.0572958,0,0,0,0,96,0,0,0,0,0,0,56,0,0.00034,0.00034,0,0,0,0,0,0.8,0,0,0,0,0,0,1,0,0,0,0,0,0,0,0,99,0,,0,0,0,0,
23,6.05,0,-1.66,0,0,0,0,0,0.1755,6.05,-0.125,0,-6.3,0,0,0,0,0.0572958,0,0,0,0,98,0,0,0,0,0,0,56,0,0.00034,0.00034,0,0,0,0,0,1.8,0,0,0,0,0,0,1,0,0,0,0,0,0,0,0,98,0,,0,0,0,0,
76,6.32,0,13.61,0,0,0,0,0,-1.487,6.1375,0,0,5.7,0,0,0,0,0.0572958,0,0,0,0,98,0,0,0,0,0,0,56,0,0.00034,0.00034,0,0,0,0,0,6.2,0,0,0,0,0,0,1,0,0,0,0,0,0,0,0,98,0,,0,0,0,0,
115,11.42,0,11.04,0,0,0,0,0,-2.187,11.2125,0,0,-16.3,0,0,0,0,0.0572958,0,0,0,0,65,0,0,0,0,0,0,56,0,0.00034,0.00034,0,0,0,0,0,0.8,0,0,0,0,0,0,1,0,0,0,0,0,0,0,0,99,0,,0,0,0,0,
END,Total:7
START,FrameNb:60,CameraNb:0,HeSaiNb:0,ARS410Nb:0
2026/08/02 16:23:52:333---->
heightOffset:0,1785659032333,1322022,selfCaliBufCnt:0,selfAccObjCnt:0,selfAccAngle:0,installHAngleOffset:0,Interpolation:0,installVAngleOffset:0,radarOffsetH:0,radarOffsetV:0.32,Polynom:-0.001023;-0.0511;-2.047;0;0;0;-0.001023;-0.0511;-2.047;-25.5;0;0,WheelDirection:0;0;0;0,selfAngleOffset:0,selfAngleOffsetPit:0,currCaliAngleHrz:0,currCaliAnglePit:0,selfCaliAngleHrz:0,selfCaliAnglePit:0,servCaliAngleHrz:0,servCaliAnglePit:0,offlineCaliAngleHrz:0,offlineCaliAnglePit:0,determine2useFlag:0,IMU_Z_Accel:0,IMU_X_AngularRate:0,IMU_Y_AngularRate:0,IMU_RollAngle:0,IMU_PitchAngle:0,IMU_YawAngle:0,FcwID:0,FCWWarningLevel:0,FCWTTC:0
14,10.5,0,-49.32,0,0,0,0,0,7.963,6.8375,0,0,22.3,0,0,0,0,0.0572958,0,0,0,0,97,0,0,0,0,0,0,58,0,0.00034,0.00034,0,0,0,0,0,0.8,0,0,0,0,0,0,1,0,0,0,0,0,0,0,0,99,0,,0,0,0,0,
16,16.56,-0.12,17.84,0,0,0,0,0,-5.0745,15.7625,0,-0.125,-17.7,0,0,0,0,0.0572958,0,0,0,0,96,0,0,0,0,0,0,58,0,0.00034,0.00034,0,0,0,0,0,0.8,0,0,0,0,0,0,1,0,0,0,0,0,0,0,0,30,0,,0,0,0,0,
20,6.92,0,-22.3,0,0,0,0,0,2.6255,6.4,0,0,4.9,0,0,0,0,0.0572958,0,0,0,0,95,0,0,0,0,0,0,58,0,0.00034,0.00034,0,0,0,0,0,0.8,0,0,0,0,0,0,1,0,0,0,0,0,0,0,0,99,0,,0,0,0,0,
21,9.22,0,-24.09,0,0,0,0,0,3.763,8.4125,-0.125,0,5.1,0,0,0,0,0.0572958,0,0,0,0,96,0,0,0,0,0,0,58,0,0.00034,0.00034,0,0,0,0,0,0.8,0,0,0,0,0,0,1,0,0,0,0,0,0,0,0,99,0,,0,0,0,0,
23,6.05,0,-1.66,0,0,0,0,0,0.1755,6.05,-0.125,0,-6.3,0,0,0,0,0.0572958,0,0,0,0,98,0,0,0,0,0,0,58,0,0.00034,0.00034,0,0,0,0,0,1.8,0,0,0,0,0,0,1,0,0,0,0,0,0,0,0,98,0,,0,0,0,0,
76,6.32,0,13.61,0,0,0,0,0,-1.487,6.1375,0,0,5.7,0,0,0,0,0.0572958,0,0,0,0,98,0,0,0,0,0,0,58,0,0.00034,0.00034,0,0,0,0,0,6.2,0,0,0,0,0,0,1,0,0,0,0,0,0,0,0,98,0,,0,0,0,0,
115,11.42,0,11.04,0,0,0,0,0,-2.187,11.2125,0,0,-16.3,0,0,0,0,0.0572958,0,0,0,0,65,0,0,0,0,0,0,58,0,0.00034,0.00034,0,0,0,0,0,0.8,0,0,0,0,0,0,1,0,0,0,0,0,0,0,0,99,0,,0,0,0,0,
END,Total:7
START,FrameNb:61,CameraNb:0,HeSaiNb:0,ARS410Nb:0
2026/08/02 16:23:52:385---->
heightOffset:0,1785659032385,1322071,selfCaliBufCnt:0,selfAccObjCnt:0,selfAccAngle:0,installHAngleOffset:0,Interpolation:0,installVAngleOffset:0,radarOffsetH:0,radarOffsetV:0.32,Polynom:-0.001023;-0.0511;-2.047;0;0;0;-0.001023;-0.0511;-2.047;-25.5;0;0,WheelDirection:0;0;0;0,selfAngleOffset:0,selfAngleOffsetPit:0,currCaliAngleHrz:0,currCaliAnglePit:0,selfCaliAngleHrz:0,selfCaliAnglePit:0,servCaliAngleHrz:0,servCaliAnglePit:0,offlineCaliAngleHrz:0,offlineCaliAnglePit:0,determine2useFlag:0,IMU_Z_Accel:0,IMU_X_AngularRate:0,IMU_Y_AngularRate:0,IMU_RollAngle:0,IMU_PitchAngle:0,IMU_YawAngle:0,FcwID:0,FCWWarningLevel:0,FCWTTC:0
14,10.5,0,-49.32,0,0,0,0,0,7.963,6.8375,0,0,22.3,0,0,0,0,0.0572958,0,0,0,0,97,0,0,0,0,0,0,58,0,0.00034,0.00034,0,0,0,0,0,0.8,0,0,0,0,0,0,1,0,0,0,0,0,0,0,0,99,0,,0,0,0,0,
16,16.56,-0.12,17.84,0,0,0,0,0,-5.0745,15.7625,0,-0.125,-17.7,0,0,0,0,0.0572958,0,0,0,0,96,0,0,0,0,0,0,58,0,0.00034,0.00034,0,0,0,0,0,0.8,0,0,0,0,0,0,1,0,0,0,0,0,0,0,0,30,0,,0,0,0,0,
20,6.92,0,-22.3,0,0,0,0,0,2.6255,6.4,0,0,4.9,0,0,0,0,0.0572958,0,0,0,0,95,0,0,0,0,0,0,58,0,0.00034,0.00034,0,0,0,0,0,0.8,0,0,0,0,0,0,1,0,0,0,0,0,0,0,0,99,0,,0,0,0,0,
21,9.22,0,-24.09,0,0,0,0,0,3.763,8.4125,-0.125,0,5.1,0,0,0,0,0.0572958,0,0,0,0,96,0,0,0,0,0,0,58,0,0.00034,0.00034,0,0,0,0,0,0.8,0,0,0,0,0,0,1,0,0,0,0,0,0,0,0,99,0,,0,0,0,0,
23,6.05,0,-1.66,0,0,0,0,0,0.1755,6.05,-0.125,0,-6.3,0,0,0,0,0.0572958,0,0,0,0,98,0,0,0,0,0,0,58,0,0.00034,0.00034,0,0,0,0,0,1.8,0,0,0,0,0,0,1,0,0,0,0,0,0,0,0,98,0,,0,0,0,0,
76,6.32,0,13.61,0,0,0,0,0,-1.487,6.1375,0,0,5.7,0,0,0,0,0.0572958,0,0,0,0,98,0,0,0,0,0,0,58,0,0.00034,0.00034,0,0,0,0,0,6.2,0,0,0,0,0,0,1,0,0,0,0,0,0,0,0,98,0,,0,0,0,0,
115,11.42,0,11.04,0,0,0,0,0,-2.187,11.2125,0,0,-16.3,0,0,0,0,0.0572958,0,0,0,0,65,0,0,0,0,0,0,58,0,0.00034,0.00034,0,0,0,0,0,0.8,0,0,0,0,0,0,1,0,0,0,0,0,0,0,0,99,0,,0,0,0,0,
END,Total:7
START,FrameNb:62,CameraNb:0,HeSaiNb:0,ARS410Nb:0
2026/08/02 16:23:52:448---->
heightOffset:0,1785659032448,1322122,selfCaliBufCnt:0,selfAccObjCnt:0,selfAccAngle:0,installHAngleOffset:0,Interpolation:0,installVAngleOffset:0,radarOffsetH:0,radarOffsetV:0.32,Polynom:-0.001023;-0.0511;-2.047;0;0;0;-0.001023;-0.0511;-2.047;-25.5;0;0,WheelDirection:0;0;0;0,selfAngleOffset:0,selfAngleOffsetPit:0,currCaliAngleHrz:0,currCaliAnglePit:0,selfCaliAngleHrz:0,selfCaliAnglePit:0,servCaliAngleHrz:0,servCaliAnglePit:0,offlineCaliAngleHrz:0,offlineCaliAnglePit:0,determine2useFlag:0,IMU_Z_Accel:0,IMU_X_AngularRate:0,IMU_Y_AngularRate:0,IMU_RollAngle:0,IMU_PitchAngle:0,IMU_YawAngle:0,FcwID:0,FCWWarningLevel:0,FCWTTC:0
14,10.5,0,-49.32,0,0,0,0,0,7.963,6.8375,-0.125,0,22.3,0,0,0,0,0.0572958,0,0,0,0,97,0,0,0,0,0,0,54,0,0.00034,0.00034,0,0,0,0,0,0.8,0,0,0,0,0,0,1,0,0,0,0,0,0,0,0,99,0,,0,0,0,0,
16,16.56,-0.12,17.84,0,0,0,0,0,-5.0745,15.7625,0,-0.125,-17.7,0,0,0,0,0.0572958,0,0,0,0,96,0,0,0,0,0,0,54,0,0.00034,0.00034,0,0,0,0,0,0.8,0,0,0,0,0,0,1,0,0,0,0,0,0,0,0,30,0,,0,0,0,0,
20,6.92,0,-22.3,0,0,0,0,0,2.6255,6.4,0,0,4.9,0,0,0,0,0.0572958,0,0,0,0,95,0,0,0,0,0,0,54,0,0.00034,0.00034,0,0,0,0,0,0.8,0,0,0,0,0,0,1,0,0,0,0,0,0,0,0,99,0,,0,0,0,0,
21,9.22,0,-24.09,0,0,0,0,0,3.763,8.4125,-0.125,0,5.1,0,0,0,0,0.0572958,0,0,0,0,96,0,0,0,0,0,0,54,0,0.00034,0.00034,0,0,0,0,0,0.8,0,0,0,0,0,0,1,0,0,0,0,0,0,0,0,99,0,,0,0,0,0,
23,6.05,0,-1.66,0,0,0,0,0,0.1755,6.05,-0.125,0,-6.3,0,0,0,0,0.0572958,0,0,0,0,98,0,0,0,0,0,0,54,0,0.00034,0.00034,0,0,0,0,0,1.8,0,0,0,0,0,0,1,0,0,0,0,0,0,0,0,98,0,,0,0,0,0,
76,6.32,0,13.61,0,0,0,0,0,-1.487,6.1375,0,0,5.7,0,0,0,0,0.0572958,0,0,0,0,98,0,0,0,0,0,0,54,0,0.00034,0.00034,0,0,0,0,0,6.2,0,0,0,0,0,0,1,0,0,0,0,0,0,0,0,98,0,,0,0,0,0,
115,11.42,0,11.04,0,0,0,0,0,-2.187,11.2125,0,0,-16.3,0,0,0,0,0.0572958,0,0,0,0,65,0,0,0,0,0,0,54,0,0.00034,0.00034,0,0,0,0,0,0.8,0,0,0,0,0,0,1,0,0,0,0,0,0,0,0,99,0,,0,0,0,0,
END,Total:7
START,FrameNb:63,CameraNb:0,HeSaiNb:0,ARS410Nb:0
2026/08/02 16:23:52:490---->
heightOffset:0,1785659032490,1322171,selfCaliBufCnt:0,selfAccObjCnt:0,selfAccAngle:0,installHAngleOffset:0,Interpolation:0,installVAngleOffset:0,radarOffsetH:0,radarOffsetV:0.32,Polynom:-0.001023;-0.0511;-2.047;0;0;0;-0.001023;-0.0511;-2.047;-25.5;0;0,WheelDirection:0;0;0;0,selfAngleOffset:0,selfAngleOffsetPit:0,currCaliAngleHrz:0,currCaliAnglePit:0,selfCaliAngleHrz:0,selfCaliAnglePit:0,servCaliAngleHrz:0,servCaliAnglePit:0,offlineCaliAngleHrz:0,offlineCaliAnglePit:0,determine2useFlag:0,IMU_Z_Accel:0,IMU_X_AngularRate:0,IMU_Y_AngularRate:0,IMU_RollAngle:0,IMU_PitchAngle:0,IMU_YawAngle:0,FcwID:0,FCWWarningLevel:0,FCWTTC:0
14,10.5,0,-49.32,0,0,0,0,0,7.963,6.8375,-0.125,0,22.3,0,0,0,0,0.0572958,0,0,0,0,97,0,0,0,0,0,0,58,0,0.00034,0.00034,0,0,0,0,0,0.8,0,0,0,0,0,0,1,0,0,0,0,0,0,0,0,99,0,,0,0,0,0,
16,16.56,0,17.84,0,0,0,0,0,-5.0745,15.7625,0,0,-17.7,0,0,0,0,0.0572958,0,0,0,0,96,0,0,0,0,0,0,58,0,0.00034,0.00034,0,0,0,0,0,0.8,0,0,0,0,0,0,1,0,0,0,0,0,0,0,0,30,0,,0,0,0,0,
20,6.92,0,-22.3,0,0,0,0,0,2.6255,6.4,0,0,4.9,0,0,0,0,0.0572958,0,0,0,0,95,0,0,0,0,0,0,58,0,0.00034,0.00034,0,0,0,0,0,0.8,0,0,0,0,0,0,1,0,0,0,0,0,0,0,0,99,0,,0,0,0,0,
21,9.22,0,-24.09,0,0,0,0,0,3.763,8.4125,0,0,5.1,0,0,0,0,0.0572958,0,0,0,0,96,0,0,0,0,0,0,58,0,0.00034,0.00034,0,0,0,0,0,0.8,0,0,0,0,0,0,1,0,0,0,0,0,0,0,0,99,0,,0,0,0,0,
23,6.05,0,-1.66,0,0,0,0,0,0.1755,6.05,-0.125,0,-6.3,0,0,0,0,0.0572958,0,0,0,0,98,0,0,0,0,0,0,58,0,0.00034,0.00034,0,0,0,0,0,1.8,0,0,0,0,0,0,1,0,0,0,0,0,0,0,0,98,0,,0,0,0,0,
76,6.32,0,13.61,0,0,0,0,0,-1.487,6.1375,0,0,5.7,0,0,0,0,0.0572958,0,0,0,0,98,0,0,0,0,0,0,58,0,0.00034,0.00034,0,0,0,0,0,6.2,0,0,0,0,0,0,1,0,0,0,0,0,0,0,0,98,0,,0,0,0,0,
115,11.42,-0.12,11.04,0,0,0,0,0,-2.187,11.2125,0,-0.125,-16.3,0,0,0,0,0.0572958,0,0,0,0,65,0,0,0,0,0,0,58,0,0.00034,0.00034,0,0,0,0,0,0.8,0,0,0,0,0,0,1,0,0,0,0,0,0,0,0,99,0,,0,0,0,0,
END,Total:7
START,FrameNb:64,CameraNb:0,HeSaiNb:0,ARS410Nb:0
2026/08/02 16:23:52:551---->
heightOffset:0,1785659032551,1322221,selfCaliBufCnt:0,selfAccObjCnt:0,selfAccAngle:0,installHAngleOffset:0,Interpolation:0,installVAngleOffset:0,radarOffsetH:0,radarOffsetV:0.32,Polynom:-0.001023;-0.0511;-2.047;0;0;0;-0.001023;-0.0511;-2.047;-25.5;0;0,WheelDirection:0;0;0;0,selfAngleOffset:0,selfAngleOffsetPit:0,currCaliAngleHrz:0,currCaliAnglePit:0,selfCaliAngleHrz:0,selfCaliAnglePit:0,servCaliAngleHrz:0,servCaliAnglePit:0,offlineCaliAngleHrz:0,offlineCaliAnglePit:0,determine2useFlag:0,IMU_Z_Accel:0,IMU_X_AngularRate:0,IMU_Y_AngularRate:0,IMU_RollAngle:0,IMU_PitchAngle:0,IMU_YawAngle:0,FcwID:0,FCWWarningLevel:0,FCWTTC:0
14,10.5,0,-49.32,0,0,0,0,0,7.963,6.8375,-0.125,0,22.3,0,0,0,0,0.0572958,0,0,0,0,97,0,0,0,0,0,0,54,0,0.00034,0.00034,0,0,0,0,0,0.8,0,0,0,0,0,0,1,0,0,0,0,0,0,0,0,99,0,,0,0,0,0,
16,16.56,0,17.84,0,0,0,0,0,-5.0745,15.7625,0,0,-17.7,0,0,0,0,0.0572958,0,0,0,0,96,0,0,0,0,0,0,54,0,0.00034,0.00034,0,0,0,0,0,0.8,0,0,0,0,0,0,1,0,0,0,0,0,0,0,0,30,0,,0,0,0,0,
20,6.92,0,-22.3,0,0,0,0,0,2.6255,6.4,0,0,4.9,0,0,0,0,0.0572958,0,0,0,0,95,0,0,0,0,0,0,54,0,0.00034,0.00034,0,0,0,0,0,0.8,0,0,0,0,0,0,1,0,0,0,0,0,0,0,0,99,0,,0,0,0,0,
21,9.22,0,-24.09,0,0,0,0,0,3.763,8.4125,0,0,5.1,0,0,0,0,0.0572958,0,0,0,0,96,0,0,0,0,0,0,54,0,0.00034,0.00034,0,0,0,0,0,0.8,0,0,0,0,0,0,1,0,0,0,0,0,0,0,0,99,0,,0,0,0,0,
23,6.05,0,-1.66,0,0,0,0,0,0.1755,6.05,-0.125,0,-6.3,0,0,0,0,0.0572958,0,0,0,0,98,0,0,0,0,0,0,54,0,0.00034,0.00034,0,0,0,0,0,1.8,0,0,0,0,0,0,1,0,0,0,0,0,0,0,0,98,0,,0,0,0,0,
76,6.32,0,13.61,0,0,0,0,0,-1.487,6.1375,0,0,5.7,0,0,0,0,0.0572958,0,0,0,0,98,0,0,0,0,0,0,54,0,0.00034,0.00034,0,0,0,0,0,6.2,0,0,0,0,0,0,1,0,0,0,0,0,0,0,0,98,0,,0,0,0,0,
115,11.42,-0.12,11.04,0,0,0,0,0,-2.187,11.2125,0,-0.125,-16.3,0,0,0,0,0.0572958,0,0,0,0,65,0,0,0,0,0,0,54,0,0.00034,0.00034,0,0,0,0,0,0.8,0,0,0,0,0,0,1,0,0,0,0,0,0,0,0,99,0,,0,0,0,0,
END,Total:7
START,FrameNb:65,CameraNb:0,HeSaiNb:0,ARS410Nb:0
2026/08/02 16:23:52:582---->
heightOffset:0,1785659032582,1322271,selfCaliBufCnt:0,selfAccObjCnt:0,selfAccAngle:0,installHAngleOffset:0,Interpolation:0,installVAngleOffset:0,radarOffsetH:0,radarOffsetV:0.32,Polynom:-0.001023;-0.0511;-2.047;0;0;0;-0.001023;-0.0511;-2.047;-25.5;0;0,WheelDirection:0;0;0;0,selfAngleOffset:0,selfAngleOffsetPit:0,currCaliAngleHrz:0,currCaliAnglePit:0,selfCaliAngleHrz:0,selfCaliAnglePit:0,servCaliAngleHrz:0,servCaliAnglePit:0,offlineCaliAngleHrz:0,offlineCaliAnglePit:0,determine2useFlag:0,IMU_Z_Accel:0,IMU_X_AngularRate:0,IMU_Y_AngularRate:0,IMU_RollAngle:0,IMU_PitchAngle:0,IMU_YawAngle:0,FcwID:0,FCWWarningLevel:0,FCWTTC:0
14,10.5,0,-49.32,0,0,0,0,0,7.963,6.8375,-0.125,0,22.3,0,0,0,0,0.0572958,0,0,0,0,97,0,0,0,0,0,0,61,0,0.00034,0.00034,0,0,0,0,0,0.8,0,0,0,0,0,0,1,0,0,0,0,0,0,0,0,99,0,,0,0,0,0,
16,16.56,0,17.84,0,0,0,0,0,-5.0745,15.7625,0,0,-17.7,0,0,0,0,0.0572958,0,0,0,0,96,0,0,0,0,0,0,61,0,0.00034,0.00034,0,0,0,0,0,0.8,0,0,0,0,0,0,1,0,0,0,0,0,0,0,0,30,0,,0,0,0,0,
20,6.92,0,-22.3,0,0,0,0,0,2.6255,6.4,0,0,4.9,0,0,0,0,0.0572958,0,0,0,0,95,0,0,0,0,0,0,61,0,0.00034,0.00034,0,0,0,0,0,0.8,0,0,0,0,0,0,1,0,0,0,0,0,0,0,0,99,0,,0,0,0,0,
21,9.22,0,-24.09,0,0,0,0,0,3.763,8.4125,0,0,5.1,0,0,0,0,0.0572958,0,0,0,0,96,0,0,0,0,0,0,61,0,0.00034,0.00034,0,0,0,0,0,0.8,0,0,0,0,0,0,1,0,0,0,0,0,0,0,0,99,0,,0,0,0,0,
23,6.05,0,-1.66,0,0,0,0,0,0.1755,6.05,-0.125,0,-6.3,0,0,0,0,0.0572958,0,0,0,0,98,0,0,0,0,0,0,61,0,0.00034,0.00034,0,0,0,0,0,1.8,0,0,0,0,0,0,1,0,0,0,0,0,0,0,0,98,0,,0,0,0,0,
76,6.32,0,13.61,0,0,0,0,0,-1.487,6.1375,0,0,5.7,0,0,0,0,0.0572958,0,0,0,0,98,0,0,0,0,0,0,61,0,0.00034,0.00034,0,0,0,0,0,6.2,0,0,0,0,0,0,1,0,0,0,0,0,0,0,0,98,0,,0,0,0,0,
115,11.42,-0.12,11.04,0,0,0,0,0,-2.187,11.2125,0,-0.125,-16.3,0,0,0,0,0.0572958,0,0,0,0,65,0,0,0,0,0,0,61,0,0.00034,0.00034,0,0,0,0,0,0.8,0,0,0,0,0,0,1,0,0,0,0,0,0,0,0,99,0,,0,0,0,0,
END,Total:7
START,FrameNb:66,CameraNb:0,HeSaiNb:0,ARS410Nb:0
2026/08/02 16:23:52:635---->
heightOffset:0,1785659032635,1322321,selfCaliBufCnt:0,selfAccObjCnt:0,selfAccAngle:0,installHAngleOffset:0,Interpolation:0,installVAngleOffset:0,radarOffsetH:0,radarOffsetV:0.32,Polynom:-0.001023;-0.0511;-2.047;0;0;0;-0.001023;-0.0511;-2.047;-25.5;0;0,WheelDirection:0;0;0;0,selfAngleOffset:0,selfAngleOffsetPit:0,currCaliAngleHrz:0,currCaliAnglePit:0,selfCaliAngleHrz:0,selfCaliAnglePit:0,servCaliAngleHrz:0,servCaliAnglePit:0,offlineCaliAngleHrz:0,offlineCaliAnglePit:0,determine2useFlag:0,IMU_Z_Accel:0,IMU_X_AngularRate:0,IMU_Y_AngularRate:0,IMU_RollAngle:0,IMU_PitchAngle:0,IMU_YawAngle:0,FcwID:0,FCWWarningLevel:0,FCWTTC:0
14,10.5,0,-49.32,0,0,0,0,0,7.963,6.8375,-0.125,0,22.3,0,0,0,0,0.0572958,0,0,0,0,97,0,0,0,0,0,0,59,0,0.00034,0.00034,0,0,0,0,0,0.8,0,0,0,0,0,0,1,0,0,0,0,0,0,0,0,99,0,,0,0,0,0,
16,16.56,0,17.84,0,0,0,0,0,-5.0745,15.7625,0,0,-17.7,0,0,0,0,0.0572958,0,0,0,0,96,0,0,0,0,0,0,59,0,0.00034,0.00034,0,0,0,0,0,0.8,0,0,0,0,0,0,1,0,0,0,0,0,0,0,0,30,0,,0,0,0,0,
20,6.92,0,-22.3,0,0,0,0,0,2.6255,6.4,0,0,4.9,0,0,0,0,0.0572958,0,0,0,0,95,0,0,0,0,0,0,59,0,0.00034,0.00034,0,0,0,0,0,0.8,0,0,0,0,0,0,1,0,0,0,0,0,0,0,0,99,0,,0,0,0,0,
21,9.22,0,-24.09,0,0,0,0,0,3.763,8.4125,0,0,5.1,0,0,0,0,0.0572958,0,0,0,0,96,0,0,0,0,0,0,59,0,0.00034,0.00034,0,0,0,0,0,0.8,0,0,0,0,0,0,1,0,0,0,0,0,0,0,0,99,0,,0,0,0,0,
23,6.05,0,-1.66,0,0,0,0,0,0.1755,6.05,-0.125,0,-6.3,0,0,0,0,0.0572958,0,0,0,0,98,0,0,0,0,0,0,59,0,0.00034,0.00034,0,0,0,0,0,1.8,0,0,0,0,0,0,1,0,0,0,0,0,0,0,0,98,0,,0,0,0,0,
76,6.32,0,13.61,0,0,0,0,0,-1.487,6.1375,0,0,5.7,0,0,0,0,0.0572958,0,0,0,0,98,0,0,0,0,0,0,59,0,0.00034,0.00034,0,0,0,0,0,6.2,0,0,0,0,0,0,1,0,0,0,0,0,0,0,0,98,0,,0,0,0,0,
115,11.42,-0.12,11.04,0,0,0,0,0,-2.187,11.2125,0,-0.125,-16.3,0,0,0,0,0.0572958,0,0,0,0,65,0,0,0,0,0,0,59,0,0.00034,0.00034,0,0,0,0,0,0.8,0,0,0,0,0,0,1,0,0,0,0,0,0,0,0,99,0,,0,0,0,0,
END,Total:7
START,FrameNb:67,CameraNb:0,HeSaiNb:0,ARS410Nb:0
2026/08/02 16:23:52:675---->
heightOffset:0,1785659032675,1322371,selfCaliBufCnt:0,selfAccObjCnt:0,selfAccAngle:0,installHAngleOffset:0,Interpolation:0,installVAngleOffset:0,radarOffsetH:0,radarOffsetV:0.32,Polynom:-0.001023;-0.0511;-2.047;0;0;0;-0.001023;-0.0511;-2.047;-25.5;0;0,WheelDirection:0;0;0;0,selfAngleOffset:0,selfAngleOffsetPit:0,currCaliAngleHrz:0,currCaliAnglePit:0,selfCaliAngleHrz:0,selfCaliAnglePit:0,servCaliAngleHrz:0,servCaliAnglePit:0,offlineCaliAngleHrz:0,offlineCaliAnglePit:0,determine2useFlag:0,IMU_Z_Accel:0,IMU_X_AngularRate:0,IMU_Y_AngularRate:0,IMU_RollAngle:0,IMU_PitchAngle:0,IMU_YawAngle:0,FcwID:0,FCWWarningLevel:0,FCWTTC:0
14,10.5,0,-49.32,0,0,0,0,0,7.963,6.8375,0,0,22.3,0,0,0,0,0.0572958,0,0,0,0,97,0,0,0,0,0,0,59,0,0.00034,0.00034,0,0,0,0,0,0.8,0,0,0,0,0,0,1,0,0,0,0,0,0,0,0,99,0,,0,0,0,0,
16,16.56,0,17.84,0,0,0,0,0,-5.0745,15.7625,-0.125,0,-17.7,0,0,0,0,0.0572958,0,0,0,0,96,0,0,0,0,0,0,59,0,0.00034,0.00034,0,0,0,0,0,0.8,0,0,0,0,0,0,1,0,0,0,0,0,0,0,0,30,0,,0,0,0,0,
20,6.92,0,-22.3,0,0,0,0,0,2.6255,6.4,0,0,4.9,0,0,0,0,0.0572958,0,0,0,0,95,0,0,0,0,0,0,59,0,0.00034,0.00034,0,0,0,0,0,0.8,0,0,0,0,0,0,1,0,0,0,0,0,0,0,0,99,0,,0,0,0,0,
21,9.22,0,-24.09,0,0,0,0,0,3.763,8.4125,0,0,5.1,0,0,0,0,0.0572958,0,0,0,0,96,0,0,0,0,0,0,59,0,0.00034,0.00034,0,0,0,0,0,0.8,0,0,0,0,0,0,1,0,0,0,0,0,0,0,0,99,0,,0,0,0,0,
23,6.05,0,-1.66,0,0,0,0,0,0.1755,6.05,0,0,-6.3,0,0,0,0,0.0572958,0,0,0,0,98,0,0,0,0,0,0,59,0,0.00034,0.00034,0,0,0,0,0,2,0,0,0,0,0,0,1,0,0,0,0,0,0,0,0,98,0,,0,0,0,0,
76,6.32,0,13.61,0,0,0,0,0,-1.487,6.1375,0,0,5.7,0,0,0,0,0.0572958,0,0,0,0,98,0,0,0,0,0,0,59,0,0.00034,0.00034,0,0,0,0,0,6.2,0,0,0,0,0,0,1,0,0,0,0,0,0,0,0,98,0,,0,0,0,0,
115,11.42,-0.12,11.04,0,0,0,0,0,-2.187,11.2125,0,-0.125,-16.3,0,0,0,0,0.0572958,0,0,0,0,65,0,0,0,0,0,0,59,0,0.00034,0.00034,0,0,0,0,0,0.8,0,0,0,0,0,0,1,0,0,0,0,0,0,0,0,99,0,,0,0,0,0,
END,Total:7
START,FrameNb:68,CameraNb:0,HeSaiNb:0,ARS410Nb:0
2026/08/02 16:23:52:739---->
heightOffset:0,1785659032739,1322422,selfCaliBufCnt:0,selfAccObjCnt:0,selfAccAngle:0,installHAngleOffset:0,Interpolation:0,installVAngleOffset:0,radarOffsetH:0,radarOffsetV:0.32,Polynom:-0.001023;-0.0511;-2.047;0;0;0;-0.001023;-0.0511;-2.047;-25.5;0;0,WheelDirection:0;0;0;0,selfAngleOffset:0,selfAngleOffsetPit:0,currCaliAngleHrz:0,currCaliAnglePit:0,selfCaliAngleHrz:0,selfCaliAnglePit:0,servCaliAngleHrz:0,servCaliAnglePit:0,offlineCaliAngleHrz:0,offlineCaliAnglePit:0,determine2useFlag:0,IMU_Z_Accel:0,IMU_X_AngularRate:0,IMU_Y_AngularRate:0,IMU_RollAngle:0,IMU_PitchAngle:0,IMU_YawAngle:0,FcwID:0,FCWWarningLevel:0,FCWTTC:0
14,10.5,0,-49.32,0,0,0,0,0,7.963,6.8375,0,0,22.3,0,0,0,0,0.0572958,0,0,0,0,97,0,0,0,0,0,0,54,0,0.00034,0.00034,0,0,0,0,0,0.8,0,0,0,0,0,0,1,0,0,0,0,0,0,0,0,99,0,,0,0,0,0,
16,16.56,0,17.84,0,0,0,0,0,-5.0745,15.7625,-0.125,0,-17.7,0,0,0,0,0.0572958,0,0,0,0,96,0,0,0,0,0,0,54,0,0.00034,0.00034,0,0,0,0,0,0.8,0,0,0,0,0,0,1,0,0,0,0,0,0,0,0,30,0,,0,0,0,0,
20,6.92,0,-22.3,0,0,0,0,0,2.6255,6.4,0,0,4.9,0,0,0,0,0.0572958,0,0,0,0,95,0,0,0,0,0,0,54,0,0.00034,0.00034,0,0,0,0,0,0.8,0,0,0,0,0,0,1,0,0,0,0,0,0,0,0,99,0,,0,0,0,0,
21,9.22,0,-24.09,0,0,0,0,0,3.763,8.4125,0,0,5.1,0,0,0,0,0.0572958,0,0,0,0,96,0,0,0,0,0,0,54,0,0.00034,0.00034,0,0,0,0,0,0.8,0,0,0,0,0,0,1,0,0,0,0,0,0,0,0,99,0,,0,0,0,0,
23,6.05,0,-1.66,0,0,0,0,0,0.1755,6.05,0,0,-6.3,0,0,0,0,0.0572958,0,0,0,0,98,0,0,0,0,0,0,54,0,0.00034,0.00034,0,0,0,0,0,2,0,0,0,0,0,0,1,0,0,0,0,0,0,0,0,98,0,,0,0,0,0,
76,6.32,0,13.61,0,0,0,0,0,-1.487,6.1375,0,0,5.7,0,0,0,0,0.0572958,0,0,0,0,98,0,0,0,0,0,0,54,0,0.00034,0.00034,0,0,0,0,0,6.2,0,0,0,0,0,0,1,0,0,0,0,0,0,0,0,98,0,,0,0,0,0,
115,11.42,-0.12,11.04,0,0,0,0,0,-2.187,11.2125,0,-0.125,-16.3,0,0,0,0,0.0572958,0,0,0,0,65,0,0,0,0,0,0,54,0,0.00034,0.00034,0,0,0,0,0,0.8,0,0,0,0,0,0,1,0,0,0,0,0,0,0,0,99,0,,0,0,0,0,
END,Total:7
START,FrameNb:69,CameraNb:0,HeSaiNb:0,ARS410Nb:0
2026/08/02 16:23:52:801---->
heightOffset:0,1785659032801,1322471,selfCaliBufCnt:0,selfAccObjCnt:0,selfAccAngle:0,installHAngleOffset:0,Interpolation:0,installVAngleOffset:0,radarOffsetH:0,radarOffsetV:0.32,Polynom:-0.001023;-0.0511;-2.047;0;0;0;-0.001023;-0.0511;-2.047;-25.5;0;0,WheelDirection:0;0;0;0,selfAngleOffset:0,selfAngleOffsetPit:0,currCaliAngleHrz:0,currCaliAnglePit:0,selfCaliAngleHrz:0,selfCaliAnglePit:0,servCaliAngleHrz:0,servCaliAnglePit:0,offlineCaliAngleHrz:0,offlineCaliAnglePit:0,determine2useFlag:0,IMU_Z_Accel:0,IMU_X_AngularRate:0,IMU_Y_AngularRate:0,IMU_RollAngle:0,IMU_PitchAngle:0,IMU_YawAngle:0,FcwID:0,FCWWarningLevel:0,FCWTTC:0
14,10.56,0,-49.67,0,0,0,0,0,8.0505,6.8375,-0.125,0,22.5,0,0,0,0,0.0572958,0,0,0,0,97,0,0,0,0,0,0,54,0,0.00034,0.00034,0,0,0,0,0,0.8,0,0,0,0,0,0,1,0,0,0,0,0,0,0,0,99,0,,0,0,0,0,
16,16.56,0,17.84,0,0,0,0,0,-5.0745,15.7625,-0.125,0,-17.7,0,0,0,0,0.0572958,0,0,0,0,96,0,0,0,0,0,0,54,0,0.00034,0.00034,0,0,0,0,0,0.8,0,0,0,0,0,0,1,0,0,0,0,0,0,0,0,30,0,,0,0,0,0,
20,6.92,0,-22.3,0,0,0,0,0,2.6255,6.4,0,0,4.9,0,0,0,0,0.0572958,0,0,0,0,95,0,0,0,0,0,0,54,0,0.00034,0.00034,0,0,0,0,0,0.8,0,0,0,0,0,0,1,0,0,0,0,0,0,0,0,99,0,,0,0,0,0,
21,9.22,0,-24.09,0,0,0,0,0,3.763,8.4125,0,0,5.1,0,0,0,0,0.0572958,0,0,0,0,96,0,0,0,0,0,0,54,0,0.00034,0.00034,0,0,0,0,0,0.8,0,0,0,0,0,0,1,0,0,0,0,0,0,0,0,99,0,,0,0,0,0,
23,6.05,0,-1.66,0,0,0,0,0,0.1755,6.05,0,0,-6.3,0,0,0,0,0.0572958,0,0,0,0,98,0,0,0,0,0,0,54,0,0.00034,0.00034,0,0,0,0,0,2,0,0,0,0,0,0,1,0,0,0,0,0,0,0,0,98,0,,0,0,0,0,
76,6.32,0,13.61,0,0,0,0,0,-1.487,6.1375,0,0,5.7,0,0,0,0,0.0572958,0,0,0,0,98,0,0,0,0,0,0,54,0,0.00034,0.00034,0,0,0,0,0,6.2,0,0,0,0,0,0,1,0,0,0,0,0,0,0,0,98,0,,0,0,0,0,
115,11.42,-0.12,11.04,0,0,0,0,0,-2.187,11.2125,0,-0.125,-16.3,0,0,0,0,0.0572958,0,0,0,0,65,0,0,0,0,0,0,54,0,0.00034,0.00034,0,0,0,0,0,0.8,0,0,0,0,0,0,1,0,0,0,0,0,0,0,0,99,0,,0,0,0,0,
END,Total:7
START,FrameNb:70,CameraNb:0,HeSaiNb:0,ARS410Nb:0
2026/08/02 16:23:52:831---->
heightOffset:0,1785659032831,1322522,selfCaliBufCnt:0,selfAccObjCnt:0,selfAccAngle:0,installHAngleOffset:0,Interpolation:0,installVAngleOffset:0,radarOffsetH:0,radarOffsetV:0.32,Polynom:-0.001023;-0.0511;-2.047;0;0;0;-0.001023;-0.0511;-2.047;-25.5;0;0,WheelDirection:0;0;0;0,selfAngleOffset:0,selfAngleOffsetPit:0,currCaliAngleHrz:0,currCaliAnglePit:0,selfCaliAngleHrz:0,selfCaliAnglePit:0,servCaliAngleHrz:0,servCaliAnglePit:0,offlineCaliAngleHrz:0,offlineCaliAnglePit:0,determine2useFlag:0,IMU_Z_Accel:0,IMU_X_AngularRate:0,IMU_Y_AngularRate:0,IMU_RollAngle:0,IMU_PitchAngle:0,IMU_YawAngle:0,FcwID:0,FCWWarningLevel:0,FCWTTC:0
14,10.56,0,-49.67,0,0,0,0,0,8.0505,6.8375,-0.125,0,22.7,0,0,0,0,0.0572958,0,0,0,0,97,0,0,0,0,0,0,58,0,0.00034,0.00034,0,0,0,0,0,0.8,0,0,0,0,0,0,1,0,0,0,0,0,0,0,0,99,0,,0,0,0,0,
16,16.56,0,17.84,0,0,0,0,0,-5.0745,15.7625,-0.125,0,-17.7,0,0,0,0,0.0572958,0,0,0,0,96,0,0,0,0,0,0,58,0,0.00034,0.00034,0,0,0,0,0,0.8,0,0,0,0,0,0,1,0,0,0,0,0,0,0,0,30,0,,0,0,0,0,
20,6.92,0,-22.3,0,0,0,0,0,2.6255,6.4,0,0,4.9,0,0,0,0,0.0572958,0,0,0,0,95,0,0,0,0,0,0,58,0,0.00034,0.00034,0,0,0,0,0,0.8,0,0,0,0,0,0,1,0,0,0,0,0,0,0,0,99,0,,0,0,0,0,
21,9.22,0,-24.09,0,0,0,0,0,3.763,8.4125,0,0,5.1,0,0,0,0,0.0572958,0,0,0,0,96,0,0,0,0,0,0,58,0,0.00034,0.00034,0,0,0,0,0,0.8,0,0,0,0,0,0,1,0,0,0,0,0,0,0,0,99,0,,0,0,0,0,
23,6.05,0,-1.66,0,0,0,0,0,0.1755,6.05,-0.125,0,-6.3,0,0,0,0,0.0572958,0,0,0,0,98,0,0,0,0,0,0,58,0,0.00034,0.00034,0,0,0,0,0,2,0,0,0,0,0,0,1,0,0,0,0,0,0,0,0,98,0,,0,0,0,0,
76,6.32,0,13.61,0,0,0,0,0,-1.487,6.1375,0,0,5.7,0,0,0,0,0.0572958,0,0,0,0,98,0,0,0,0,0,0,58,0,0.00034,0.00034,0,0,0,0,0,6.2,0,0,0,0,0,0,1,0,0,0,0,0,0,0,0,98,0,,0,0,0,0,
115,11.42,-0.12,11.04,0,0,0,0,0,-2.187,11.2125,0,-0.125,-16.3,0,0,0,0,0.0572958,0,0,0,0,65,0,0,0,0,0,0,58,0,0.00034,0.00034,0,0,0,0,0,0.8,0,0,0,0,0,0,1,0,0,0,0,0,0,0,0,99,0,,0,0,0,0,
END,Total:7
START,FrameNb:71,CameraNb:0,HeSaiNb:0,ARS410Nb:0
2026/08/02 16:23:52:888---->
heightOffset:0,1785659032888,1322571,selfCaliBufCnt:0,selfAccObjCnt:0,selfAccAngle:0,installHAngleOffset:0,Interpolation:0,installVAngleOffset:0,radarOffsetH:0,radarOffsetV:0.32,Polynom:-0.001023;-0.0511;-2.047;0;0;0;-0.001023;-0.0511;-2.047;-25.5;0;0,WheelDirection:0;0;0;0,selfAngleOffset:0,selfAngleOffsetPit:0,currCaliAngleHrz:0,currCaliAnglePit:0,selfCaliAngleHrz:0,selfCaliAnglePit:0,servCaliAngleHrz:0,servCaliAnglePit:0,offlineCaliAngleHrz:0,offlineCaliAnglePit:0,determine2useFlag:0,IMU_Z_Accel:0,IMU_X_AngularRate:0,IMU_Y_AngularRate:0,IMU_RollAngle:0,IMU_PitchAngle:0,IMU_YawAngle:0,FcwID:0,FCWWarningLevel:0,FCWTTC:0
14,10.56,0,-49.67,0,0,0,0,0,8.0505,6.8375,-0.125,0,22.7,0,0,0,0,0.0572958,0,0,0,0,97,0,0,0,0,0,0,54,0,0.00034,0.00034,0,0,0,0,0,0.8,0,0,0,0,0,0,1,0,0,0,0,0,0,0,0,99,0,,0,0,0,0,
16,16.56,-0.12,17.84,0,0,0,0,0,-5.0745,15.7625,0,-0.125,-17.7,0,0,0,0,0.0572958,0,0,0,0,96,0,0,0,0,0,0,54,0,0.00034,0.00034,0,0,0,0,0,0.8,0,0,0,0,0,0,1,0,0,0,0,0,0,0,0,30,0,,0,0,0,0,
20,6.92,0,-22.3,0,0,0,0,0,2.6255,6.4,0,0,4.9,0,0,0,0,0.0572958,0,0,0,0,95,0,0,0,0,0,0,54,0,0.00034,0.00034,0,0,0,0,0,0.8,0,0,0,0,0,0,1,0,0,0,0,0,0,0,0,99,0,,0,0,0,0,
21,9.22,0,-24.09,0,0,0,0,0,3.763,8.4125,0,0,5.1,0,0,0,0,0.0572958,0,0,0,0,96,0,0,0,0,0,0,54,0,0.00034,0.00034,0,0,0,0,0,0.8,0,0,0,0,0,0,1,0,0,0,0,0,0,0,0,99,0,,0,0,0,0,
23,6.05,0,-1.66,0,0,0,0,0,0.1755,6.05,-0.125,0,-6.3,0,0,0,0,0.0572958,0,0,0,0,98,0,0,0,0,0,0,54,0,0.00034,0.00034,0,0,0,0,0,2,0,0,0,0,0,0,1,0,0,0,0,0,0,0,0,98,0,,0,0,0,0,
76,6.32,0,13.61,0,0,0,0,0,-1.487,6.1375,0,0,5.7,0,0,0,0,0.0572958,0,0,0,0,98,0,0,0,0,0,0,54,0,0.00034,0.00034,0,0,0,0,0,6.2,0,0,0,0,0,0,1,0,0,0,0,0,0,0,0,98,0,,0,0,0,0,
115,11.42,-0.12,11.04,0,0,0,0,0,-2.187,11.2125,0,-0.125,-16.5,0,0,0,0,0.0572958,0,0,0,0,65,0,0,0,0,0,0,54,0,0.00034,0.00034,0,0,0,0,0,0.8,0,0,0,0,0,0,1,0,0,0,0,0,0,0,0,99,0,,0,0,0,0,
END,Total:7
START,FrameNb:72,CameraNb:0,HeSaiNb:0,ARS410Nb:0
2026/08/02 16:23:52:928---->
heightOffset:0,1785659032928,1322621,selfCaliBufCnt:0,selfAccObjCnt:0,selfAccAngle:0,installHAngleOffset:0,Interpolation:0,installVAngleOffset:0,radarOffsetH:0,radarOffsetV:0.32,Polynom:-0.001023;-0.0511;-2.047;0;0;0;-0.001023;-0.0511;-2.047;-25.5;0;0,WheelDirection:0;0;0;0,selfAngleOffset:0,selfAngleOffsetPit:0,currCaliAngleHrz:0,currCaliAnglePit:0,selfCaliAngleHrz:0,selfCaliAnglePit:0,servCaliAngleHrz:0,servCaliAnglePit:0,offlineCaliAngleHrz:0,offlineCaliAnglePit:0,determine2useFlag:0,IMU_Z_Accel:0,IMU_X_AngularRate:0,IMU_Y_AngularRate:0,IMU_RollAngle:0,IMU_PitchAngle:0,IMU_YawAngle:0,FcwID:0,FCWWarningLevel:0,FCWTTC:0
14,10.56,0,-49.67,0,0,0,0,0,8.0505,6.8375,-0.125,0,22.7,0,0,0,0,0.0572958,0,0,0,0,97,0,0,0,0,0,0,61,0,0.00034,0.00034,0,0,0,0,0,0.8,0,0,0,0,0,0,1,0,0,0,0,0,0,0,0,99,0,,0,0,0,0,
16,16.56,-0.12,17.84,0,0,0,0,0,-5.0745,15.7625,0,-0.125,-17.7,0,0,0,0,0.0572958,0,0,0,0,96,0,0,0,0,0,0,61,0,0.00034,0.00034,0,0,0,0,0,0.8,0,0,0,0,0,0,1,0,0,0,0,0,0,0,0,30,0,,0,0,0,0,
20,6.92,0,-22.3,0,0,0,0,0,2.6255,6.4,0,0,4.9,0,0,0,0,0.0572958,0,0,0,0,95,0,0,0,0,0,0,61,0,0.00034,0.00034,0,0,0,0,0,0.8,0,0,0,0,0,0,1,0,0,0,0,0,0,0,0,99,0,,0,0,0,0,
21,9.22,0,-24.09,0,0,0,0,0,3.763,8.4125,0,0,5.3,0,0,0,0,0.0572958,0,0,0,0,96,0,0,0,0,0,0,61,0,0.00034,0.00034,0,0,0,0,0,0.8,0,0,0,0,0,0,1,0,0,0,0,0,0,0,0,99,0,,0,0,0,0,
23,6.05,0,-1.66,0,0,0,0,0,0.1755,6.05,-0.125,0,-6.3,0,0,0,0,0.0572958,0,0,0,0,98,0,0,0,0,0,0,61,0,0.00034,0.00034,0,0,0,0,0,2,0,0,0,0,0,0,1,0,0,0,0,0,0,0,0,98,0,,0,0,0,0,
76,6.32,0,13.61,0,0,0,0,0,-1.487,6.1375,0,0,5.7,0,0,0,0,0.0572958,0,0,0,0,98,0,0,0,0,0,0,61,0,0.00034,0.00034,0,0,0,0,0,6.2,0,0,0,0,0,0,1,0,0,0,0,0,0,0,0,98,0,,0,0,0,0,
115,11.42,-0.12,11.04,0,0,0,0,0,-2.187,11.2125,0,-0.125,-16.3,0,0,0,0,0.0572958,0,0,0,0,65,0,0,0,0,0,0,61,0,0.00034,0.00034,0,0,0,0,0,0.8,0,0,0,0,0,0,1,0,0,0,0,0,0,0,0,99,0,,0,0,0,0,
END,Total:7
START,FrameNb:73,CameraNb:0,HeSaiNb:0,ARS410Nb:0
2026/08/02 16:23:52:989---->
heightOffset:0,1785659032989,1322671,selfCaliBufCnt:0,selfAccObjCnt:0,selfAccAngle:0,installHAngleOffset:0,Interpolation:0,installVAngleOffset:0,radarOffsetH:0,radarOffsetV:0.32,Polynom:-0.001023;-0.0511;-2.047;0;0;0;-0.001023;-0.0511;-2.047;-25.5;0;0,WheelDirection:0;0;0;0,selfAngleOffset:0,selfAngleOffsetPit:0,currCaliAngleHrz:0,currCaliAnglePit:0,selfCaliAngleHrz:0,selfCaliAnglePit:0,servCaliAngleHrz:0,servCaliAnglePit:0,offlineCaliAngleHrz:0,offlineCaliAnglePit:0,determine2useFlag:0,IMU_Z_Accel:0,IMU_X_AngularRate:0,IMU_Y_AngularRate:0,IMU_RollAngle:0,IMU_PitchAngle:0,IMU_YawAngle:0,FcwID:0,FCWWarningLevel:0,FCWTTC:0
14,10.56,0,-49.67,0,0,0,0,0,8.0505,6.8375,-0.125,0,22.7,0,0,0,0,0.0572958,0,0,0,0,97,0,0,0,0,0,0,58,0,0.00034,0.00034,0,0,0,0,0,0.8,0,0,0,0,0,0,1,0,0,0,0,0,0,0,0,99,0,,0,0,0,0,
16,16.56,-0.12,17.84,0,0,0,0,0,-5.0745,15.7625,0,-0.125,-17.7,0,0,0,0,0.0572958,0,0,0,0,96,0,0,0,0,0,0,58,0,0.00034,0.00034,0,0,0,0,0,0.8,0,0,0,0,0,0,1,0,0,0,0,0,0,0,0,30,0,,0,0,0,0,
20,6.92,0,-22.3,0,0,0,0,0,2.6255,6.4,0,0,4.9,0,0,0,0,0.0572958,0,0,0,0,95,0,0,0,0,0,0,58,0,0.00034,0.00034,0,0,0,0,0,0.8,0,0,0,0,0,0,1,0,0,0,0,0,0,0,0,99,0,,0,0,0,0,
21,9.22,0,-24.09,0,0,0,0,0,3.763,8.4125,0,0,5.3,0,0,0,0,0.0572958,0,0,0,0,96,0,0,0,0,0,0,58,0,0.00034,0.00034,0,0,0,0,0,0.8,0,0,0,0,0,0,1,0,0,0,0,0,0,0,0,99,0,,0,0,0,0,
23,6.05,0,-1.66,0,0,0,0,0,0.1755,6.05,-0.125,0,-6.3,0,0,0,0,0.0572958,0,0,0,0,98,0,0,0,0,0,0,58,0,0.00034,0.00034,0,0,0,0,0,2,0,0,0,0,0,0,1,0,0,0,0,0,0,0,0,98,0,,0,0,0,0,
76,6.32,0,13.61,0,0,0,0,0,-1.487,6.1375,0,0,5.7,0,0,0,0,0.0572958,0,0,0,0,98,0,0,0,0,0,0,58,0,0.00034,0.00034,0,0,0,0,0,6.2,0,0,0,0,0,0,1,0,0,0,0,0,0,0,0,98,0,,0,0,0,0,
115,11.42,-0.12,11.04,0,0,0,0,0,-2.187,11.2125,0,-0.125,-16.3,0,0,0,0,0.0572958,0,0,0,0,65,0,0,0,0,0,0,58,0,0.00034,0.00034,0,0,0,0,0,0.8,0,0,0,0,0,0,1,0,0,0,0,0,0,0,0,99,0,,0,0,0,0,
END,Total:7
START,FrameNb:74,CameraNb:0,HeSaiNb:0,ARS410Nb:0
2026/08/02 16:23:53:050---->
heightOffset:0,1785659033050,1322721,selfCaliBufCnt:0,selfAccObjCnt:0,selfAccAngle:0,installHAngleOffset:0,Interpolation:0,installVAngleOffset:0,radarOffsetH:0,radarOffsetV:0.32,Polynom:-0.001023;-0.0511;-2.047;0;0;0;-0.001023;-0.0511;-2.047;-25.5;0;0,WheelDirection:0;0;0;0,selfAngleOffset:0,selfAngleOffsetPit:0,currCaliAngleHrz:0,currCaliAnglePit:0,selfCaliAngleHrz:0,selfCaliAnglePit:0,servCaliAngleHrz:0,servCaliAnglePit:0,offlineCaliAngleHrz:0,offlineCaliAnglePit:0,determine2useFlag:0,IMU_Z_Accel:0,IMU_X_AngularRate:0,IMU_Y_AngularRate:0,IMU_RollAngle:0,IMU_PitchAngle:0,IMU_YawAngle:0,FcwID:0,FCWWarningLevel:0,FCWTTC:0
14,10.56,0,-49.67,0,0,0,0,0,8.0505,6.8375,-0.125,0,22.7,0,0,0,0,0.0572958,0,0,0,0,97,0,0,0,0,0,0,60,0,0.00034,0.00034,0,0,0,0,0,0.8,0,0,0,0,0,0,1,0,0,0,0,0,0,0,0,99,0,,0,0,0,0,
16,16.56,-0.12,17.84,0,0,0,0,0,-5.0745,15.7625,0,-0.125,-17.7,0,0,0,0,0.0572958,0,0,0,0,96,0,0,0,0,0,0,60,0,0.00034,0.00034,0,0,0,0,0,0.8,0,0,0,0,0,0,1,0,0,0,0,0,0,0,0,30,0,,0,0,0,0,
20,6.92,0,-22.3,0,0,0,0,0,2.6255,6.4,0,0,4.9,0,0,0,0,0.0572958,0,0,0,0,95,0,0,0,0,0,0,60,0,0.00034,0.00034,0,0,0,0,0,0.8,0,0,0,0,0,0,1,0,0,0,0,0,0,0,0,99,0,,0,0,0,0,
21,9.22,0,-24.09,0,0,0,0,0,3.763,8.4125,0,0,5.3,0,0,0,0,0.0572958,0,0,0,0,96,0,0,0,0,0,0,60,0,0.00034,0.00034,0,0,0,0,0,0.8,0,0,0,0,0,0,1,0,0,0,0,0,0,0,0,99,0,,0,0,0,0,
23,6.05,0,-1.66,0,0,0,0,0,0.1755,6.05,-0.125,0,-6.3,0,0,0,0,0.0572958,0,0,0,0,98,0,0,0,0,0,0,60,0,0.00034,0.00034,0,0,0,0,0,2,0,0,0,0,0,0,1,0,0,0,0,0,0,0,0,98,0,,0,0,0,0,
76,6.32,0,13.61,0,0,0,0,0,-1.487,6.1375,0,0,5.7,0,0,0,0,0.0572958,0,0,0,0,98,0,0,0,0,0,0,60,0,0.00034,0.00034,0,0,0,0,0,6.2,0,0,0,0,0,0,1,0,0,0,0,0,0,0,0,98,0,,0,0,0,0,
115,11.42,0,11.04,0,0,0,0,0,-2.187,11.2125,0,0,-16.3,0,0,0,0,0.0572958,0,0,0,0,65,0,0,0,0,0,0,60,0,0.00034,0.00034,0,0,0,0,0,0.8,0,0,0,0,0,0,1,0,0,0,0,0,0,0,0,99,0,,0,0,0,0,
END,Total:7
START,FrameNb:75,CameraNb:0,HeSaiNb:0,ARS410Nb:0
2026/08/02 16:23:53:078---->
heightOffset:0,1785659033078,1322771,selfCaliBufCnt:0,selfAccObjCnt:0,selfAccAngle:0,installHAngleOffset:0,Interpolation:0,installVAngleOffset:0,radarOffsetH:0,radarOffsetV:0.32,Polynom:-0.001023;-0.0511;-2.047;0;0;0;-0.001023;-0.0511;-2.047;-25.5;0;0,WheelDirection:0;0;0;0,selfAngleOffset:0,selfAngleOffsetPit:0,currCaliAngleHrz:0,currCaliAnglePit:0,selfCaliAngleHrz:0,selfCaliAnglePit:0,servCaliAngleHrz:0,servCaliAnglePit:0,offlineCaliAngleHrz:0,offlineCaliAnglePit:0,determine2useFlag:0,IMU_Z_Accel:0,IMU_X_AngularRate:0,IMU_Y_AngularRate:0,IMU_RollAngle:0,IMU_PitchAngle:0,IMU_YawAngle:0,FcwID:0,FCWWarningLevel:0,FCWTTC:0
14,10.56,0,-49.67,0,0,0,0,0,8.0505,6.8375,-0.125,0,22.7,0,0,0,0,0.0572958,0,0,0,0,97,0,0,0,0,0,0,55,0,0.00034,0.00034,0,0,0,0,0,0.8,0,0,0,0,0,0,1,0,0,0,0,0,0,0,0,99,0,,0,0,0,0,
16,16.56,-0.12,17.84,0,0,0,0,0,-5.0745,15.7625,0,-0.125,-17.7,0,0,0,0,0.0572958,0,0,0,0,96,0,0,0,0,0,0,55,0,0.00034,0.00034,0,0,0,0,0,0.8,0,0,0,0,0,0,1,0,0,0,0,0,0,0,0,30,0,,0,0,0,0,
20,6.92,0,-22.3,0,0,0,0,0,2.6255,6.4,0,0,4.9,0,0,0,0,0.0572958,0,0,0,0,95,0,0,0,0,0,0,55,0,0.00034,0.00034,0,0,0,0,0,0.8,0,0,0,0,0,0,1,0,0,0,0,0,0,0,0,99,0,,0,0,0,0,
21,9.22,0,-24.09,0,0,0,0,0,3.763,8.4125,0,0,5.1,0,0,0,0,0.0572958,0,0,0,0,96,0,0,0,0,0,0,55,0,0.00034,0.00034,0,0,0,0,0,0.8,0,0,0,0,0,0,1,0,0,0,0,0,0,0,0,99,0,,0,0,0,0,
23,6.05,0,-1.66,0,0,0,0,0,0.1755,6.05,-0.125,0,-6.3,0,0,0,0,0.0572958,0,0,0,0,98,0,0,0,0,0,0,55,0,0.00034,0.00034,0,0,0,0,0,2,0,0,0,0,0,0,1,0,0,0,0,0,0,0,0,98,0,,0,0,0,0,
76,6.32,0,13.61,0,0,0,0,0,-1.487,6.1375,0,0,5.7,0,0,0,0,0.0572958,0,0,0,0,98,0,0,0,0,0,0,55,0,0.00034,0.00034,0,0,0,0,0,6.2,0,0,0,0,0,0,1,0,0,0,0,0,0,0,0,98,0,,0,0,0,0,
115,11.42,0,11.04,0,0,0,0,0,-2.187,11.2125,0,0,-16.3,0,0,0,0,0.0572958,0,0,0,0,65,0,0,0,0,0,0,55,0,0.00034,0.00034,0,0,0,0,0,0.8,0,0,0,0,0,0,1,0,0,0,0,0,0,0,0,99,0,,0,0,0,0,
END,Total:7
START,FrameNb:76,CameraNb:0,HeSaiNb:0,ARS410Nb:0
2026/08/02 16:23:53:142---->
heightOffset:0,1785659033142,1322821,selfCaliBufCnt:0,selfAccObjCnt:0,selfAccAngle:0,installHAngleOffset:0,Interpolation:0,installVAngleOffset:0,radarOffsetH:0,radarOffsetV:0.32,Polynom:-0.001023;-0.0511;-2.047;0;0;0;-0.001023;-0.0511;-2.047;-25.5;0;0,WheelDirection:0;0;0;0,selfAngleOffset:0,selfAngleOffsetPit:0,currCaliAngleHrz:0,currCaliAnglePit:0,selfCaliAngleHrz:0,selfCaliAnglePit:0,servCaliAngleHrz:0,servCaliAnglePit:0,offlineCaliAngleHrz:0,offlineCaliAnglePit:0,determine2useFlag:0,IMU_Z_Accel:0,IMU_X_AngularRate:0,IMU_Y_AngularRate:0,IMU_RollAngle:0,IMU_PitchAngle:0,IMU_YawAngle:0,FcwID:0,FCWWarningLevel:0,FCWTTC:0
14,10.56,0,-49.67,0,0,0,0,0,8.0505,6.8375,-0.125,0,22.7,0,0,0,0,0.0572958,0,0,0,0,97,0,0,0,0,0,0,58,0,0.00034,0.00034,0,0,0,0,0,0.8,0,0,0,0,0,0,1,0,0,0,0,0,0,0,0,99,0,,0,0,0,0,
16,16.56,-0.12,17.84,0,0,0,0,0,-5.0745,15.7625,0,-0.125,-17.7,0,0,0,0,0.0572958,0,0,0,0,96,0,0,0,0,0,0,58,0,0.00034,0.00034,0,0,0,0,0,0.8,0,0,0,0,0,0,1,0,0,0,0,0,0,0,0,30,0,,0,0,0,0,
20,6.92,0,-22.3,0,0,0,0,0,2.6255,6.4,0,0,4.9,0,0,0,0,0.0572958,0,0,0,0,95,0,0,0,0,0,0,58,0,0.00034,0.00034,0,0,0,0,0,0.8,0,0,0,0,0,0,1,0,0,0,0,0,0,0,0,99,0,,0,0,0,0,
21,9.22,0,-24.09,0,0,0,0,0,3.763,8.4125,0,0,5.1,0,0,0,0,0.0572958,0,0,0,0,96,0,0,0,0,0,0,58,0,0.00034,0.00034,0,0,0,0,0,0.8,0,0,0,0,0,0,1,0,0,0,0,0,0,0,0,99,0,,0,0,0,0,
23,6.05,0,-1.66,0,0,0,0,0,0.1755,6.05,-0.125,0,-6.3,0,0,0,0,0.0572958,0,0,0,0,98,0,0,0,0,0,0,58,0,0.00034,0.00034,0,0,0,0,0,2,0,0,0,0,0,0,1,0,0,0,0,0,0,0,0,98,0,,0,0,0,0,
76,6.32,0,13.61,0,0,0,0,0,-1.487,6.1375,0,0,5.7,0,0,0,0,0.0572958,0,0,0,0,98,0,0,0,0,0,0,58,0,0.00034,0.00034,0,0,0,0,0,6.2,0,0,0,0,0,0,1,0,0,0,0,0,0,0,0,98,0,,0,0,0,0,
115,11.42,0,11.04,0,0,0,0,0,-2.187,11.2125,0,0,-16.3,0,0,0,0,0.0572958,0,0,0,0,65,0,0,0,0,0,0,58,0,0.00034,0.00034,0,0,0,0,0,0.8,0,0,0,0,0,0,1,0,0,0,0,0,0,0,0,99,0,,0,0,0,0,
END,Total:7
START,FrameNb:77,CameraNb:0,HeSaiNb:0,ARS410Nb:0
2026/08/02 16:23:53:208---->
heightOffset:0,1785659033208,1322871,selfCaliBufCnt:0,selfAccObjCnt:0,selfAccAngle:0,installHAngleOffset:0,Interpolation:0,installVAngleOffset:0,radarOffsetH:0,radarOffsetV:0.32,Polynom:-0.001023;-0.0511;-2.047;0;0;0;-0.001023;-0.0511;-2.047;-25.5;0;0,WheelDirection:0;0;0;0,selfAngleOffset:0,selfAngleOffsetPit:0,currCaliAngleHrz:0,currCaliAnglePit:0,selfCaliAngleHrz:0,selfCaliAnglePit:0,servCaliAngleHrz:0,servCaliAnglePit:0,offlineCaliAngleHrz:0,offlineCaliAnglePit:0,determine2useFlag:0,IMU_Z_Accel:0,IMU_X_AngularRate:0,IMU_Y_AngularRate:0,IMU_RollAngle:0,IMU_PitchAngle:0,IMU_YawAngle:0,FcwID:0,FCWWarningLevel:0,FCWTTC:0
14,10.56,0,-49.67,0,0,0,0,0,8.0505,6.8375,0,0,22.5,0,0,0,0,0.0572958,0,0,0,0,97,0,0,0,0,0,0,58,0,0.00034,0.00034,0,0,0,0,0,0.8,0,0,0,0,0,0,1,0,0,0,0,0,0,0,0,99,0,,0,0,0,0,
16,16.56,-0.12,17.84,0,0,0,0,0,-5.0745,15.7625,0,-0.125,-17.7,0,0,0,0,0.0572958,0,0,0,0,96,0,0,0,0,0,0,58,0,0.00034,0.00034,0,0,0,0,0,0.8,0,0,0,0,0,0,1,0,0,0,0,0,0,0,0,30,0,,0,0,0,0,
20,6.92,0,-22.3,0,0,0,0,0,2.6255,6.4,0,0,4.9,0,0,0,0,0.0572958,0,0,0,0,95,0,0,0,0,0,0,58,0,0.00034,0.00034,0,0,0,0,0,0.8,0,0,0,0,0,0,1,0,0,0,0,0,0,0,0,99,0,,0,0,0,0,
21,9.22,0,-24.09,0,0,0,0,0,3.763,8.4125,0,0,5.1,0,0,0,0,0.0572958,0,0,0,0,96,0,0,0,0,0,0,58,0,0.00034,0.00034,0,0,0,0,0,0.8,0,0,0,0,0,0,1,0,0,0,0,0,0,0,0,99,0,,0,0,0,0,
23,6.05,0,-1.66,0,0,0,0,0,0.1755,6.05,-0.125,0,-6.3,0,0,0,0,0.0572958,0,0,0,0,98,0,0,0,0,0,0,58,0,0.00034,0.00034,0,0,0,0,0,2,0,0,0,0,0,0,1,0,0,0,0,0,0,0,0,98,0,,0,0,0,0,
76,6.32,0,13.61,0,0,0,0,0,-1.487,6.1375,0,0,5.7,0,0,0,0,0.0572958,0,0,0,0,98,0,0,0,0,0,0,58,0,0.00034,0.00034,0,0,0,0,0,6.2,0,0,0,0,0,0,1,0,0,0,0,0,0,0,0,98,0,,0,0,0,0,
115,11.42,0,11.04,0,0,0,0,0,-2.187,11.2125,0,0,-16.3,0,0,0,0,0.0572958,0,0,0,0,65,0,0,0,0,0,0,58,0,0.00034,0.00034,0,0,0,0,0,0.8,0,0,0,0,0,0,1,0,0,0,0,0,0,0,0,99,0,,0,0,0,0,
END,Total:7
START,FrameNb:78,CameraNb:0,HeSaiNb:0,ARS410Nb:0
2026/08/02 16:23:53:238---->
heightOffset:0,1785659033238,1322921,selfCaliBufCnt:0,selfAccObjCnt:0,selfAccAngle:0,installHAngleOffset:0,Interpolation:0,installVAngleOffset:0,radarOffsetH:0,radarOffsetV:0.32,Polynom:-0.001023;-0.0511;-2.047;0;0;0;-0.001023;-0.0511;-2.047;-25.5;0;0,WheelDirection:0;0;0;0,selfAngleOffset:0,selfAngleOffsetPit:0,currCaliAngleHrz:0,currCaliAnglePit:0,selfCaliAngleHrz:0,selfCaliAnglePit:0,servCaliAngleHrz:0,servCaliAnglePit:0,offlineCaliAngleHrz:0,offlineCaliAnglePit:0,determine2useFlag:0,IMU_Z_Accel:0,IMU_X_AngularRate:0,IMU_Y_AngularRate:0,IMU_RollAngle:0,IMU_PitchAngle:0,IMU_YawAngle:0,FcwID:0,FCWWarningLevel:0,FCWTTC:0
14,10.56,0,-49.67,0,0,0,0,0,8.0505,6.8375,0,0,22.5,0,0,0,0,0.0572958,0,0,0,0,97,0,0,0,0,0,0,54,0,0.00034,0.00034,0,0,0,0,0,0.8,0,0,0,0,0,0,1,0,0,0,0,0,0,0,0,99,0,,0,0,0,0,
16,16.56,-0.12,17.84,0,0,0,0,0,-5.0745,15.7625,0,-0.125,-17.7,0,0,0,0,0.0572958,0,0,0,0,96,0,0,0,0,0,0,54,0,0.00034,0.00034,0,0,0,0,0,0.8,0,0,0,0,0,0,1,0,0,0,0,0,0,0,0,30,0,,0,0,0,0,
20,6.92,0,-22.3,0,0,0,0,0,2.6255,6.4,0,0,4.9,0,0,0,0,0.0572958,0,0,0,0,95,0,0,0,0,0,0,54,0,0.00034,0.00034,0,0,0,0,0,0.8,0,0,0,0,0,0,1,0,0,0,0,0,0,0,0,99,0,,0,0,0,0,
21,9.22,0,-24.09,0,0,0,0,0,3.763,8.4125,0,0,5.3,0,0,0,0,0.0572958,0,0,0,0,96,0,0,0,0,0,0,54,0,0.00034,0.00034,0,0,0,0,0,0.8,0,0,0,0,0,0,1,0,0,0,0,0,0,0,0,99,0,,0,0,0,0,
23,6.05,0,-1.66,0,0,0,0,0,0.1755,6.05,-0.125,0,-6.3,0,0,0,0,0.0572958,0,0,0,0,98,0,0,0,0,0,0,54,0,0.00034,0.00034,0,0,0,0,0,2,0,0,0,0,0,0,1,0,0,0,0,0,0,0,0,98,0,,0,0,0,0,
76,6.32,0,13.61,0,0,0,0,0,-1.487,6.1375,0,0,5.7,0,0,0,0,0.0572958,0,0,0,0,98,0,0,0,0,0,0,54,0,0.00034,0.00034,0,0,0,0,0,6.2,0,0,0,0,0,0,1,0,0,0,0,0,0,0,0,98,0,,0,0,0,0,
115,11.42,0,11.04,0,0,0,0,0,-2.187,11.2125,0,0,-16.3,0,0,0,0,0.0572958,0,0,0,0,65,0,0,0,0,0,0,54,0,0.00034,0.00034,0,0,0,0,0,0.8,0,0,0,0,0,0,1,0,0,0,0,0,0,0,0,99,0,,0,0,0,0,
END,Total:7
START,FrameNb:79,CameraNb:0,HeSaiNb:0,ARS410Nb:0
2026/08/02 16:23:53:302---->
heightOffset:0,1785659033302,1322971,selfCaliBufCnt:0,selfAccObjCnt:0,selfAccAngle:0,installHAngleOffset:0,Interpolation:0,installVAngleOffset:0,radarOffsetH:0,radarOffsetV:0.32,Polynom:-0.001023;-0.0511;-2.047;0;0;0;-0.001023;-0.0511;-2.047;-25.5;0;0,WheelDirection:0;0;0;0,selfAngleOffset:0,selfAngleOffsetPit:0,currCaliAngleHrz:0,currCaliAnglePit:0,selfCaliAngleHrz:0,selfCaliAnglePit:0,servCaliAngleHrz:0,servCaliAnglePit:0,offlineCaliAngleHrz:0,offlineCaliAnglePit:0,determine2useFlag:0,IMU_Z_Accel:0,IMU_X_AngularRate:0,IMU_Y_AngularRate:0,IMU_RollAngle:0,IMU_PitchAngle:0,IMU_YawAngle:0,FcwID:0,FCWWarningLevel:0,FCWTTC:0
14,10.5,0,-49.32,0,0,0,0,0,7.963,6.8375,0,0,22.5,0,0,0,0,0.0572958,0,0,0,0,97,0,0,0,0,0,0,58,0,0.00034,0.00034,0,0,0,0,0,0.8,0,0,0,0,0,0,1,0,0,0,0,0,0,0,0,99,0,,0,0,0,0,
16,16.56,-0.12,17.84,0,0,0,0,0,-5.0745,15.7625,0,-0.125,-17.7,0,0,0,0,0.0572958,0,0,0,0,96,0,0,0,0,0,0,58,0,0.00034,0.00034,0,0,0,0,0,0.8,0,0,0,0,0,0,1,0,0,0,0,0,0,0,0,30,0,,0,0,0,0,
20,6.92,0,-22.3,0,0,0,0,0,2.6255,6.4,0,0,4.9,0,0,0,0,0.0572958,0,0,0,0,95,0,0,0,0,0,0,58,0,0.00034,0.00034,0,0,0,0,0,0.8,0,0,0,0,0,0,1,0,0,0,0,0,0,0,0,99,0,,0,0,0,0,
21,9.22,0,-24.09,0,0,0,0,0,3.763,8.4125,0,0,5.1,0,0,0,0,0.0572958,0,0,0,0,96,0,0,0,0,0,0,58,0,0.00034,0.00034,0,0,0,0,0,0.8,0,0,0,0,0,0,1,0,0,0,0,0,0,0,0,99,0,,0,0,0,0,
23,6.05,0,-1.66,0,0,0,0,0,0.1755,6.05,-0.125,0,-6.3,0,0,0,0,0.0572958,0,0,0,0,98,0,0,0,0,0,0,58,0,0.00034,0.00034,0,0,0,0,0,2,0,0,0,0,0,0,1,0,0,0,0,0,0,0,0,98,0,,0,0,0,0,
76,6.32,0,13.61,0,0,0,0,0,-1.487,6.1375,0,0,5.7,0,0,0,0,0.0572958,0,0,0,0,98,0,0,0,0,0,0,58,0,0.00034,0.00034,0,0,0,0,0,6.2,0,0,0,0,0,0,1,0,0,0,0,0,0,0,0,98,0,,0,0,0,0,
115,11.42,0,11.04,0,0,0,0,0,-2.187,11.2125,0,0,-16.3,0,0,0,0,0.0572958,0,0,0,0,65,0,0,0,0,0,0,58,0,0.00034,0.00034,0,0,0,0,0,0.8,0,0,0,0,0,0,1,0,0,0,0,0,0,0,0,99,0,,0,0,0,0,
END,Total:7
START,FrameNb:80,CameraNb:0,HeSaiNb:0,ARS410Nb:0
2026/08/02 16:23:53:333---->
heightOffset:0,1785659033333,1323021,selfCaliBufCnt:0,selfAccObjCnt:0,selfAccAngle:0,installHAngleOffset:0,Interpolation:0,installVAngleOffset:0,radarOffsetH:0,radarOffsetV:0.32,Polynom:-0.001023;-0.0511;-2.047;0;0;0;-0.001023;-0.0511;-2.047;-25.5;0;0,WheelDirection:0;0;0;0,selfAngleOffset:0,selfAngleOffsetPit:0,currCaliAngleHrz:0,currCaliAnglePit:0,selfCaliAngleHrz:0,selfCaliAnglePit:0,servCaliAngleHrz:0,servCaliAnglePit:0,offlineCaliAngleHrz:0,offlineCaliAnglePit:0,determine2useFlag:0,IMU_Z_Accel:0,IMU_X_AngularRate:0,IMU_Y_AngularRate:0,IMU_RollAngle:0,IMU_PitchAngle:0,IMU_YawAngle:0,FcwID:0,FCWWarningLevel:0,FCWTTC:0
14,10.5,0,-49.32,0,0,0,0,0,7.963,6.8375,0,0,22.5,0,0,0,0,0.0572958,0,0,0,0,97,0,0,0,0,0,0,57,0,0.00034,0.00034,0,0,0,0,0,0.8,0,0,0,0,0,0,1,0,0,0,0,0,0,0,0,99,0,,0,0,0,0,
16,16.56,-0.12,17.84,0,0,0,0,0,-5.0745,15.7625,0,-0.125,-17.7,0,0,0,0,0.0572958,0,0,0,0,96,0,0,0,0,0,0,57,0,0.00034,0.00034,0,0,0,0,0,0.8,0,0,0,0,0,0,1,0,0,0,0,0,0,0,0,30,0,,0,0,0,0,
20,6.92,0,-22.3,0,0,0,0,0,2.6255,6.4,0,0,4.9,0,0,0,0,0.0572958,0,0,0,0,95,0,0,0,0,0,0,57,0,0.00034,0.00034,0,0,0,0,0,0.8,0,0,0,0,0,0,1,0,0,0,0,0,0,0,0,99,0,,0,0,0,0,
21,9.22,0,-24.09,0,0,0,0,0,3.763,8.4125,0,0,5.1,0,0,0,0,0.0572958,0,0,0,0,96,0,0,0,0,0,0,57,0,0.00034,0.00034,0,0,0,0,0,0.8,0,0,0,0,0,0,1,0,0,0,0,0,0,0,0,99,0,,0,0,0,0,
23,6.05,0,-1.66,0,0,0,0,0,0.1755,6.05,-0.125,0,-6.3,0,0,0,0,0.0572958,0,0,0,0,98,0,0,0,0,0,0,57,0,0.00034,0.00034,0,0,0,0,0,2,0,0,0,0,0,0,1,0,0,0,0,0,0,0,0,98,0,,0,0,0,0,
76,6.32,0,13.61,0,0,0,0,0,-1.487,6.1375,0,0,5.7,0,0,0,0,0.0572958,0,0,0,0,98,0,0,0,0,0,0,57,0,0.00034,0.00034,0,0,0,0,0,6.2,0,0,0,0,0,0,1,0,0,0,0,0,0,0,0,98,0,,0,0,0,0,
115,11.42,0,11.04,0,0,0,0,0,-2.187,11.2125,0,0,-16.3,0,0,0,0,0.0572958,0,0,0,0,65,0,0,0,0,0,0,57,0,0.00034,0.00034,0,0,0,0,0,0.8,0,0,0,0,0,0,1,0,0,0,0,0,0,0,0,99,0,,0,0,0,0,
END,Total:7
START,FrameNb:81,CameraNb:0,HeSaiNb:0,ARS410Nb:0
2026/08/02 16:23:53:403---->
heightOffset:0,1785659033403,1323071,selfCaliBufCnt:0,selfAccObjCnt:0,selfAccAngle:0,installHAngleOffset:0,Interpolation:0,installVAngleOffset:0,radarOffsetH:0,radarOffsetV:0.32,Polynom:-0.001023;-0.0511;-2.047;0;0;0;-0.001023;-0.0511;-2.047;-25.5;0;0,WheelDirection:0;0;0;0,selfAngleOffset:0,selfAngleOffsetPit:0,currCaliAngleHrz:0,currCaliAnglePit:0,selfCaliAngleHrz:0,selfCaliAnglePit:0,servCaliAngleHrz:0,servCaliAnglePit:0,offlineCaliAngleHrz:0,offlineCaliAnglePit:0,determine2useFlag:0,IMU_Z_Accel:0,IMU_X_AngularRate:0,IMU_Y_AngularRate:0,IMU_RollAngle:0,IMU_PitchAngle:0,IMU_YawAngle:0,FcwID:0,FCWWarningLevel:0,FCWTTC:0
14,10.5,0,-49.32,0,0,0,0,0,7.963,6.8375,0,0,22.5,0,0,0,0,0.0572958,0,0,0,0,97,0,0,0,0,0,0,63,0,0.00034,0.00034,0,0,0,0,0,0.8,0,0,0,0,0,0,1,0,0,0,0,0,0,0,0,99,0,,0,0,0,0,
16,16.56,-0.12,17.84,0,0,0,0,0,-5.0745,15.7625,0,-0.125,-17.7,0,0,0,0,0.0572958,0,0,0,0,96,0,0,0,0,0,0,63,0,0.00034,0.00034,0,0,0,0,0,0.8,0,0,0,0,0,0,1,0,0,0,0,0,0,0,0,30,0,,0,0,0,0,
20,6.92,0,-22.3,0,0,0,0,0,2.6255,6.4,0,0,4.9,0,0,0,0,0.0572958,0,0,0,0,95,0,0,0,0,0,0,63,0,0.00034,0.00034,0,0,0,0,0,0.8,0,0,0,0,0,0,1,0,0,0,0,0,0,0,0,99,0,,0,0,0,0,
21,9.22,0,-24.09,0,0,0,0,0,3.763,8.4125,0,0,4.9,0,0,0,0,0.0572958,0,0,0,0,96,0,0,0,0,0,0,63,0,0.00034,0.00034,0,0,0,0,0,0.8,0,0,0,0,0,0,1,0,0,0,0,0,0,0,0,99,0,,0,0,0,0,
23,6.05,0,-1.66,0,0,0,0,0,0.1755,6.05,-0.125,0,-6.3,0,0,0,0,0.0572958,0,0,0,0,98,0,0,0,0,0,0,63,0,0.00034,0.00034,0,0,0,0,0,2,0,0,0,0,0,0,1,0,0,0,0,0,0,0,0,98,0,,0,0,0,0,
76,6.32,0,13.61,0,0,0,0,0,-1.487,6.1375,0,0,5.7,0,0,0,0,0.0572958,0,0,0,0,98,0,0,0,0,0,0,63,0,0.00034,0.00034,0,0,0,0,0,6.2,0,0,0,0,0,0,1,0,0,0,0,0,0,0,0,98,0,,0,0,0,0,
115,11.42,0,11.04,0,0,0,0,0,-2.187,11.2125,0,0,-16.3,0,0,0,0,0.0572958,0,0,0,0,65,0,0,0,0,0,0,63,0,0.00034,0.00034,0,0,0,0,0,0.8,0,0,0,0,0,0,1,0,0,0,0,0,0,0,0,99,0,,0,0,0,0,
END,Total:7
START,FrameNb:82,CameraNb:0,HeSaiNb:0,ARS410Nb:0
2026/08/02 16:23:53:453---->
heightOffset:0,1785659033453,1323121,selfCaliBufCnt:0,selfAccObjCnt:0,selfAccAngle:0,installHAngleOffset:0,Interpolation:0,installVAngleOffset:0,radarOffsetH:0,radarOffsetV:0.32,Polynom:-0.001023;-0.0511;-2.047;0;0;0;-0.001023;-0.0511;-2.047;-25.5;0;0,WheelDirection:0;0;0;0,selfAngleOffset:0,selfAngleOffsetPit:0,currCaliAngleHrz:0,currCaliAnglePit:0,selfCaliAngleHrz:0,selfCaliAnglePit:0,servCaliAngleHrz:0,servCaliAnglePit:0,offlineCaliAngleHrz:0,offlineCaliAnglePit:0,determine2useFlag:0,IMU_Z_Accel:0,IMU_X_AngularRate:0,IMU_Y_AngularRate:0,IMU_RollAngle:0,IMU_PitchAngle:0,IMU_YawAngle:0,FcwID:0,FCWWarningLevel:0,FCWTTC:0
14,10.5,0,-49.32,0,0,0,0,0,7.963,6.8375,0,0,22.5,0,0,0,0,0.0572958,0,0,0,0,97,0,0,0,0,0,0,57,0,0.00034,0.00034,0,0,0,0,0,0.8,0,0,0,0,0,0,1,0,0,0,0,0,0,0,0,99,0,,0,0,0,0,
16,16.56,-0.12,17.84,0,0,0,0,0,-5.0745,15.7625,0,-0.125,-17.7,0,0,0,0,0.0572958,0,0,0,0,96,0,0,0,0,0,0,57,0,0.00034,0.00034,0,0,0,0,0,0.8,0,0,0,0,0,0,1,0,0,0,0,0,0,0,0,30,0,,0,0,0,0,
20,6.92,0,-22.3,0,0,0,0,0,2.6255,6.4,0,0,4.9,0,0,0,0,0.0572958,0,0,0,0,95,0,0,0,0,0,0,57,0,0.00034,0.00034,0,0,0,0,0,0.8,0,0,0,0,0,0,1,0,0,0,0,0,0,0,0,99,0,,0,0,0,0,
21,9.22,0,-24.09,0,0,0,0,0,3.763,8.4125,0,0,4.9,0,0,0,0,0.0572958,0,0,0,0,96,0,0,0,0,0,0,57,0,0.00034,0.00034,0,0,0,0,0,0.8,0,0,0,0,0,0,1,0,0,0,0,0,0,0,0,99,0,,0,0,0,0,
23,6.05,0,-1.66,0,0,0,0,0,0.1755,6.05,-0.125,0,-6.3,0,0,0,0,0.0572958,0,0,0,0,98,0,0,0,0,0,0,57,0,0.00034,0.00034,0,0,0,0,0,2,0,0,0,0,0,0,1,0,0,0,0,0,0,0,0,98,0,,0,0,0,0,
76,6.32,0,13.61,0,0,0,0,0,-1.487,6.1375,0,0,5.7,0,0,0,0,0.0572958,0,0,0,0,98,0,0,0,0,0,0,57,0,0.00034,0.00034,0,0,0,0,0,6.2,0,0,0,0,0,0,1,0,0,0,0,0,0,0,0,98,0,,0,0,0,0,
115,11.42,0,11.04,0,0,0,0,0,-2.187,11.2125,0,0,-16.3,0,0,0,0,0.0572958,0,0,0,0,65,0,0,0,0,0,0,57,0,0.00034,0.00034,0,0,0,0,0,0.8,0,0,0,0,0,0,1,0,0,0,0,0,0,0,0,99,0,,0,0,0,0,
END,Total:7
START,FrameNb:83,CameraNb:0,HeSaiNb:0,ARS410Nb:0
2026/08/02 16:23:53:483---->
heightOffset:0,1785659033483,1323172,selfCaliBufCnt:0,selfAccObjCnt:0,selfAccAngle:0,installHAngleOffset:0,Interpolation:0,installVAngleOffset:0,radarOffsetH:0,radarOffsetV:0.32,Polynom:-0.001023;-0.0511;-2.047;0;0;0;-0.001023;-0.0511;-2.047;-25.5;0;0,WheelDirection:0;0;0;0,selfAngleOffset:0,selfAngleOffsetPit:0,currCaliAngleHrz:0,currCaliAnglePit:0,selfCaliAngleHrz:0,selfCaliAnglePit:0,servCaliAngleHrz:0,servCaliAnglePit:0,offlineCaliAngleHrz:0,offlineCaliAnglePit:0,determine2useFlag:0,IMU_Z_Accel:0,IMU_X_AngularRate:0,IMU_Y_AngularRate:0,IMU_RollAngle:0,IMU_PitchAngle:0,IMU_YawAngle:0,FcwID:0,FCWWarningLevel:0,FCWTTC:0
14,10.5,0,-49.32,0,0,0,0,0,7.963,6.8375,0,0,22.5,0,0,0,0,0.0572958,0,0,0,0,97,0,0,0,0,0,0,58,0,0.00034,0.00034,0,0,0,0,0,0.8,0,0,0,0,0,0,1,0,0,0,0,0,0,0,0,99,0,,0,0,0,0,
16,16.56,-0.12,17.84,0,0,0,0,0,-5.0745,15.7625,0,-0.125,-17.7,0,0,0,0,0.0572958,0,0,0,0,96,0,0,0,0,0,0,58,0,0.00034,0.00034,0,0,0,0,0,0.8,0,0,0,0,0,0,1,0,0,0,0,0,0,0,0,30,0,,0,0,0,0,
20,6.92,0,-22.3,0,0,0,0,0,2.6255,6.4,0,0,4.9,0,0,0,0,0.0572958,0,0,0,0,95,0,0,0,0,0,0,58,0,0.00034,0.00034,0,0,0,0,0,0.8,0,0,0,0,0,0,1,0,0,0,0,0,0,0,0,99,0,,0,0,0,0,
21,9.22,0,-24.09,0,0,0,0,0,3.763,8.4125,0,0,4.9,0,0,0,0,0.0572958,0,0,0,0,96,0,0,0,0,0,0,58,0,0.00034,0.00034,0,0,0,0,0,0.8,0,0,0,0,0,0,1,0,0,0,0,0,0,0,0,99,0,,0,0,0,0,
23,6.05,0,-1.66,0,0,0,0,0,0.1755,6.05,-0.125,0,-6.3,0,0,0,0,0.0572958,0,0,0,0,98,0,0,0,0,0,0,58,0,0.00034,0.00034,0,0,0,0,0,2,0,0,0,0,0,0,1,0,0,0,0,0,0,0,0,98,0,,0,0,0,0,
76,6.32,0,13.61,0,0,0,0,0,-1.487,6.1375,0,0,5.7,0,0,0,0,0.0572958,0,0,0,0,98,0,0,0,0,0,0,58,0,0.00034,0.00034,0,0,0,0,0,6.2,0,0,0,0,0,0,1,0,0,0,0,0,0,0,0,98,0,,0,0,0,0,
115,11.42,0,11.04,0,0,0,0,0,-2.187,11.2125,0,0,-16.3,0,0,0,0,0.0572958,0,0,0,0,65,0,0,0,0,0,0,58,0,0.00034,0.00034,0,0,0,0,0,0.8,0,0,0,0,0,0,1,0,0,0,0,0,0,0,0,99,0,,0,0,0,0,
END,Total:7
START,FrameNb:84,CameraNb:0,HeSaiNb:0,ARS410Nb:0
2026/08/02 16:23:53:538---->
heightOffset:0,1785659033538,1323221,selfCaliBufCnt:0,selfAccObjCnt:0,selfAccAngle:0,installHAngleOffset:0,Interpolation:0,installVAngleOffset:0,radarOffsetH:0,radarOffsetV:0.32,Polynom:-0.001023;-0.0511;-2.047;0;0;0;-0.001023;-0.0511;-2.047;-25.5;0;0,WheelDirection:0;0;0;0,selfAngleOffset:0,selfAngleOffsetPit:0,currCaliAngleHrz:0,currCaliAnglePit:0,selfCaliAngleHrz:0,selfCaliAnglePit:0,servCaliAngleHrz:0,servCaliAnglePit:0,offlineCaliAngleHrz:0,offlineCaliAnglePit:0,determine2useFlag:0,IMU_Z_Accel:0,IMU_X_AngularRate:0,IMU_Y_AngularRate:0,IMU_RollAngle:0,IMU_PitchAngle:0,IMU_YawAngle:0,FcwID:0,FCWWarningLevel:0,FCWTTC:0
14,10.56,0,-49.67,0,0,0,0,0,8.0505,6.8375,-0.125,0,22.7,0,0,0,0,0.0572958,0,0,0,0,97,0,0,0,0,0,0,58,0,0.00034,0.00034,0,0,0,0,0,0.8,0,0,0,0,0,0,1,0,0,0,0,0,0,0,0,99,0,,0,0,0,0,
16,16.56,-0.12,17.84,0,0,0,0,0,-5.0745,15.7625,-0.125,-0.125,-17.7,0,0,0,0,0.0572958,0,0,0,0,96,0,0,0,0,0,0,58,0,0.00034,0.00034,0,0,0,0,0,0.8,0,0,0,0,0,0,1,0,0,0,0,0,0,0,0,30,0,,0,0,0,0,
20,6.92,0,-22.3,0,0,0,0,0,2.6255,6.4,0,0,4.9,0,0,0,0,0.0572958,0,0,0,0,95,0,0,0,0,0,0,58,0,0.00034,0.00034,0,0,0,0,0,0.8,0,0,0,0,0,0,1,0,0,0,0,0,0,0,0,99,0,,0,0,0,0,
21,9.22,0,-24.09,0,0,0,0,0,3.763,8.4125,0,0,4.9,0,0,0,0,0.0572958,0,0,0,0,96,0,0,0,0,0,0,58,0,0.00034,0.00034,0,0,0,0,0,0.8,0,0,0,0,0,0,1,0,0,0,0,0,0,0,0,99,0,,0,0,0,0,
23,6.05,0,-1.66,0,0,0,0,0,0.1755,6.05,-0.125,0,-6.3,0,0,0,0,0.0572958,0,0,0,0,98,0,0,0,0,0,0,58,0,0.00034,0.00034,0,0,0,0,0,2,0,0,0,0,0,0,1,0,0,0,0,0,0,0,0,98,0,,0,0,0,0,
76,6.32,0,13.61,0,0,0,0,0,-1.487,6.1375,0,0,5.7,0,0,0,0,0.0572958,0,0,0,0,98,0,0,0,0,0,0,58,0,0.00034,0.00034,0,0,0,0,0,6.2,0,0,0,0,0,0,1,0,0,0,0,0,0,0,0,98,0,,0,0,0,0,
115,11.42,0,11.04,0,0,0,0,0,-2.187,11.2125,0,0,-16.3,0,0,0,0,0.0572958,0,0,0,0,65,0,0,0,0,0,0,58,0,0.00034,0.00034,0,0,0,0,0,0.8,0,0,0,0,0,0,1,0,0,0,0,0,0,0,0,99,0,,0,0,0,0,
END,Total:7
START,FrameNb:85,CameraNb:0,HeSaiNb:0,ARS410Nb:0
2026/08/02 16:23:53:578---->
heightOffset:0,1785659033578,1323272,selfCaliBufCnt:0,selfAccObjCnt:0,selfAccAngle:0,installHAngleOffset:0,Interpolation:0,installVAngleOffset:0,radarOffsetH:0,radarOffsetV:0.32,Polynom:-0.001023;-0.0511;-2.047;0;0;0;-0.001023;-0.0511;-2.047;-25.5;0;0,WheelDirection:0;0;0;0,selfAngleOffset:0,selfAngleOffsetPit:0,currCaliAngleHrz:0,currCaliAnglePit:0,selfCaliAngleHrz:0,selfCaliAnglePit:0,servCaliAngleHrz:0,servCaliAnglePit:0,offlineCaliAngleHrz:0,offlineCaliAnglePit:0,determine2useFlag:0,IMU_Z_Accel:0,IMU_X_AngularRate:0,IMU_Y_AngularRate:0,IMU_RollAngle:0,IMU_PitchAngle:0,IMU_YawAngle:0,FcwID:0,FCWWarningLevel:0,FCWTTC:0
14,10.56,0,-49.67,0,0,0,0,0,8.0505,6.8375,-0.125,0,22.7,0,0,0,0,0.0572958,0,0,0,0,97,0,0,0,0,0,0,54,0,0.00034,0.00034,0,0,0,0,0,0.8,0,0,0,0,0,0,1,0,0,0,0,0,0,0,0,99,0,,0,0,0,0,
16,16.56,-0.12,17.84,0,0,0,0,0,-5.0745,15.7625,-0.125,-0.125,-17.7,0,0,0,0,0.0572958,0,0,0,0,96,0,0,0,0,0,0,54,0,0.00034,0.00034,0,0,0,0,0,0.8,0,0,0,0,0,0,1,0,0,0,0,0,0,0,0,30,0,,0,0,0,0,
20,6.92,0,-22.3,0,0,0,0,0,2.6255,6.4,0,0,4.9,0,0,0,0,0.0572958,0,0,0,0,95,0,0,0,0,0,0,54,0,0.00034,0.00034,0,0,0,0,0,0.8,0,0,0,0,0,0,1,0,0,0,0,0,0,0,0,99,0,,0,0,0,0,
21,9.22,0,-24.09,0,0,0,0,0,3.763,8.4125,0,0,4.9,0,0,0,0,0.0572958,0,0,0,0,96,0,0,0,0,0,0,54,0,0.00034,0.00034,0,0,0,0,0,0.8,0,0,0,0,0,0,1,0,0,0,0,0,0,0,0,99,0,,0,0,0,0,
23,6.05,0,-1.66,0,0,0,0,0,0.1755,6.05,-0.125,0,-6.3,0,0,0,0,0.0572958,0,0,0,0,98,0,0,0,0,0,0,54,0,0.00034,0.00034,0,0,0,0,0,2,0,0,0,0,0,0,1,0,0,0,0,0,0,0,0,98,0,,0,0,0,0,
76,6.32,0,13.61,0,0,0,0,0,-1.487,6.1375,0,0,5.7,0,0,0,0,0.0572958,0,0,0,0,98,0,0,0,0,0,0,54,0,0.00034,0.00034,0,0,0,0,0,6.2,0,0,0,0,0,0,1,0,0,0,0,0,0,0,0,98,0,,0,0,0,0,
115,11.42,-0.12,11.04,0,0,0,0,0,-2.187,11.2125,0,-0.125,-16.3,0,0,0,0,0.0572958,0,0,0,0,65,0,0,0,0,0,0,54,0,0.00034,0.00034,0,0,0,0,0,0.8,0,0,0,0,0,0,1,0,0,0,0,0,0,0,0,99,0,,0,0,0,0,
END,Total:7
START,FrameNb:86,CameraNb:0,HeSaiNb:0,ARS410Nb:0
2026/08/02 16:23:53:641---->
heightOffset:0,1785659033641,1323322,selfCaliBufCnt:0,selfAccObjCnt:0,selfAccAngle:0,installHAngleOffset:0,Interpolation:0,installVAngleOffset:0,radarOffsetH:0,radarOffsetV:0.32,Polynom:-0.001023;-0.0511;-2.047;0;0;0;-0.001023;-0.0511;-2.047;-25.5;0;0,WheelDirection:0;0;0;0,selfAngleOffset:0,selfAngleOffsetPit:0,currCaliAngleHrz:0,currCaliAnglePit:0,selfCaliAngleHrz:0,selfCaliAnglePit:0,servCaliAngleHrz:0,servCaliAnglePit:0,offlineCaliAngleHrz:0,offlineCaliAnglePit:0,determine2useFlag:0,IMU_Z_Accel:0,IMU_X_AngularRate:0,IMU_Y_AngularRate:0,IMU_RollAngle:0,IMU_PitchAngle:0,IMU_YawAngle:0,FcwID:0,FCWWarningLevel:0,FCWTTC:0
14,10.56,0,-49.67,0,0,0,0,0,8.0505,6.8375,-0.125,0,22.5,0,0,0,0,0.0572958,0,0,0,0,97,0,0,0,0,0,0,58,0,0.00034,0.00034,0,0,0,0,0,0.8,0,0,0,0,0,0,1,0,0,0,0,0,0,0,0,99,0,,0,0,0,0,
16,16.56,-0.12,17.84,0,0,0,0,0,-5.0745,15.7625,-0.125,-0.125,-17.7,0,0,0,0,0.0572958,0,0,0,0,96,0,0,0,0,0,0,58,0,0.00034,0.00034,0,0,0,0,0,0.8,0,0,0,0,0,0,1,0,0,0,0,0,0,0,0,30,0,,0,0,0,0,
20,6.92,0,-22.3,0,0,0,0,0,2.6255,6.4,0,0,4.9,0,0,0,0,0.0572958,0,0,0,0,95,0,0,0,0,0,0,58,0,0.00034,0.00034,0,0,0,0,0,0.8,0,0,0,0,0,0,1,0,0,0,0,0,0,0,0,99,0,,0,0,0,0,
21,9.22,0,-24.09,0,0,0,0,0,3.763,8.4125,0,0,4.9,0,0,0,0,0.0572958,0,0,0,0,96,0,0,0,0,0,0,58,0,0.00034,0.00034,0,0,0,0,0,0.8,0,0,0,0,0,0,1,0,0,0,0,0,0,0,0,99,0,,0,0,0,0,
23,6.05,0,-1.66,0,0,0,0,0,0.1755,6.05,0,0,-6.3,0,0,0,0,0.0572958,0,0,0,0,98,0,0,0,0,0,0,58,0,0.00034,0.00034,0,0,0,0,0,2,0,0,0,0,0,0,1,0,0,0,0,0,0,0,0,98,0,,0,0,0,0,
76,6.32,0,13.61,0,0,0,0,0,-1.487,6.1375,0,0,5.7,0,0,0,0,0.0572958,0,0,0,0,98,0,0,0,0,0,0,58,0,0.00034,0.00034,0,0,0,0,0,6.2,0,0,0,0,0,0,1,0,0,0,0,0,0,0,0,98,0,,0,0,0,0,
115,11.42,-0.12,11.04,0,0,0,0,0,-2.187,11.2125,0,-0.125,-16.3,0,0,0,0,0.0572958,0,0,0,0,65,0,0,0,0,0,0,58,0,0.00034,0.00034,0,0,0,0,0,0.8,0,0,0,0,0,0,1,0,0,0,0,0,0,0,0,99,0,,0,0,0,0,
END,Total:7
START,FrameNb:87,CameraNb:0,HeSaiNb:0,ARS410Nb:0
2026/08/02 16:23:53:703---->
heightOffset:0,1785659033703,1323371,selfCaliBufCnt:0,selfAccObjCnt:0,selfAccAngle:0,installHAngleOffset:0,Interpolation:0,installVAngleOffset:0,radarOffsetH:0,radarOffsetV:0.32,Polynom:-0.001023;-0.0511;-2.047;0;0;0;-0.001023;-0.0511;-2.047;-25.5;0;0,WheelDirection:0;0;0;0,selfAngleOffset:0,selfAngleOffsetPit:0,currCaliAngleHrz:0,currCaliAnglePit:0,selfCaliAngleHrz:0,selfCaliAnglePit:0,servCaliAngleHrz:0,servCaliAnglePit:0,offlineCaliAngleHrz:0,offlineCaliAnglePit:0,determine2useFlag:0,IMU_Z_Accel:0,IMU_X_AngularRate:0,IMU_Y_AngularRate:0,IMU_RollAngle:0,IMU_PitchAngle:0,IMU_YawAngle:0,FcwID:0,FCWWarningLevel:0,FCWTTC:0
14,10.56,0,-49.67,0,0,0,0,0,8.0505,6.8375,-0.125,0,22.5,0,0,0,0,0.0572958,0,0,0,0,97,0,0,0,0,0,0,54,0,0.00034,0.00034,0,0,0,0,0,0.8,0,0,0,0,0,0,1,0,0,0,0,0,0,0,0,99,0,,0,0,0,0,
16,16.56,-0.12,17.84,0,0,0,0,0,-5.0745,15.7625,-0.125,-0.125,-17.7,0,0,0,0,0.0572958,0,0,0,0,96,0,0,0,0,0,0,54,0,0.00034,0.00034,0,0,0,0,0,0.8,0,0,0,0,0,0,1,0,0,0,0,0,0,0,0,30,0,,0,0,0,0,
20,6.92,0,-22.3,0,0,0,0,0,2.6255,6.4,0,0,4.9,0,0,0,0,0.0572958,0,0,0,0,95,0,0,0,0,0,0,54,0,0.00034,0.00034,0,0,0,0,0,0.8,0,0,0,0,0,0,1,0,0,0,0,0,0,0,0,99,0,,0,0,0,0,
21,9.22,0,-24.09,0,0,0,0,0,3.763,8.4125,0,0,4.9,0,0,0,0,0.0572958,0,0,0,0,96,0,0,0,0,0,0,54,0,0.00034,0.00034,0,0,0,0,0,0.8,0,0,0,0,0,0,1,0,0,0,0,0,0,0,0,99,0,,0,0,0,0,
23,6.05,0,-1.66,0,0,0,0,0,0.1755,6.05,0,0,-6.3,0,0,0,0,0.0572958,0,0,0,0,98,0,0,0,0,0,0,54,0,0.00034,0.00034,0,0,0,0,0,2,0,0,0,0,0,0,1,0,0,0,0,0,0,0,0,98,0,,0,0,0,0,
76,6.32,0,13.61,0,0,0,0,0,-1.487,6.1375,0,0,5.7,0,0,0,0,0.0572958,0,0,0,0,98,0,0,0,0,0,0,54,0,0.00034,0.00034,0,0,0,0,0,6.2,0,0,0,0,0,0,1,0,0,0,0,0,0,0,0,98,0,,0,0,0,0,
115,11.42,-0.12,11.04,0,0,0,0,0,-2.187,11.2125,0,-0.125,-16.3,0,0,0,0,0.0572958,0,0,0,0,65,0,0,0,0,0,0,54,0,0.00034,0.00034,0,0,0,0,0,0.8,0,0,0,0,0,0,1,0,0,0,0,0,0,0,0,99,0,,0,0,0,0,
END,Total:7
START,FrameNb:88,CameraNb:0,HeSaiNb:0,ARS410Nb:0
2026/08/02 16:23:53:733---->
heightOffset:0,1785659033733,1323421,selfCaliBufCnt:0,selfAccObjCnt:0,selfAccAngle:0,installHAngleOffset:0,Interpolation:0,installVAngleOffset:0,radarOffsetH:0,radarOffsetV:0.32,Polynom:-0.001023;-0.0511;-2.047;0;0;0;-0.001023;-0.0511;-2.047;-25.5;0;0,WheelDirection:0;0;0;0,selfAngleOffset:0,selfAngleOffsetPit:0,currCaliAngleHrz:0,currCaliAnglePit:0,selfCaliAngleHrz:0,selfCaliAnglePit:0,servCaliAngleHrz:0,servCaliAnglePit:0,offlineCaliAngleHrz:0,offlineCaliAnglePit:0,determine2useFlag:0,IMU_Z_Accel:0,IMU_X_AngularRate:0,IMU_Y_AngularRate:0,IMU_RollAngle:0,IMU_PitchAngle:0,IMU_YawAngle:0,FcwID:0,FCWWarningLevel:0,FCWTTC:0
14,10.56,0,-49.67,0,0,0,0,0,8.0505,6.8375,-0.125,0,22.5,0,0,0,0,0.0572958,0,0,0,0,97,0,0,0,0,0,0,61,0,0.00034,0.00034,0,0,0,0,0,0.8,0,0,0,0,0,0,1,0,0,0,0,0,0,0,0,99,0,,0,0,0,0,
16,16.56,-0.12,17.84,0,0,0,0,0,-5.0745,15.7625,-0.125,-0.125,-17.7,0,0,0,0,0.0572958,0,0,0,0,96,0,0,0,0,0,0,61,0,0.00034,0.00034,0,0,0,0,0,0.8,0,0,0,0,0,0,1,0,0,0,0,0,0,0,0,30,0,,0,0,0,0,
20,6.92,0,-22.3,0,0,0,0,0,2.6255,6.4,0,0,4.9,0,0,0,0,0.0572958,0,0,0,0,95,0,0,0,0,0,0,61,0,0.00034,0.00034,0,0,0,0,0,0.8,0,0,0,0,0,0,1,0,0,0,0,0,0,0,0,99,0,,0,0,0,0,
21,9.22,0,-24.09,0,0,0,0,0,3.763,8.4125,0,0,4.9,0,0,0,0,0.0572958,0,0,0,0,96,0,0,0,0,0,0,61,0,0.00034,0.00034,0,0,0,0,0,0.8,0,0,0,0,0,0,1,0,0,0,0,0,0,0,0,99,0,,0,0,0,0,
23,6.05,0,-1.66,0,0,0,0,0,0.1755,6.05,0,0,-6.3,0,0,0,0,0.0572958,0,0,0,0,98,0,0,0,0,0,0,61,0,0.00034,0.00034,0,0,0,0,0,2,0,0,0,0,0,0,1,0,0,0,0,0,0,0,0,98,0,,0,0,0,0,
76,6.32,0,13.61,0,0,0,0,0,-1.487,6.1375,0,0,5.7,0,0,0,0,0.0572958,0,0,0,0,98,0,0,0,0,0,0,61,0,0.00034,0.00034,0,0,0,0,0,6.2,0,0,0,0,0,0,1,0,0,0,0,0,0,0,0,98,0,,0,0,0,0,
115,11.42,-0.12,11.04,0,0,0,0,0,-2.187,11.2125,0,-0.125,-16.3,0,0,0,0,0.0572958,0,0,0,0,65,0,0,0,0,0,0,61,0,0.00034,0.00034,0,0,0,0,0,0.8,0,0,0,0,0,0,1,0,0,0,0,0,0,0,0,99,0,,0,0,0,0,
END,Total:7
START,FrameNb:89,CameraNb:0,HeSaiNb:0,ARS410Nb:0
2026/08/02 16:23:53:792---->
heightOffset:0,1785659033792,1323471,selfCaliBufCnt:0,selfAccObjCnt:0,selfAccAngle:0,installHAngleOffset:0,Interpolation:0,installVAngleOffset:0,radarOffsetH:0,radarOffsetV:0.32,Polynom:-0.001023;-0.0511;-2.047;0;0;0;-0.001023;-0.0511;-2.047;-25.5;0;0,WheelDirection:0;0;0;0,selfAngleOffset:0,selfAngleOffsetPit:0,currCaliAngleHrz:0,currCaliAnglePit:0,selfCaliAngleHrz:0,selfCaliAnglePit:0,servCaliAngleHrz:0,servCaliAnglePit:0,offlineCaliAngleHrz:0,offlineCaliAnglePit:0,determine2useFlag:0,IMU_Z_Accel:0,IMU_X_AngularRate:0,IMU_Y_AngularRate:0,IMU_RollAngle:0,IMU_PitchAngle:0,IMU_YawAngle:0,FcwID:0,FCWWarningLevel:0,FCWTTC:0
14,10.56,0,-49.67,0,0,0,0,0,8.0505,6.8375,-0.125,0,22.5,0,0,0,0,0.0572958,0,0,0,0,97,0,0,0,0,0,0,59,0,0.00034,0.00034,0,0,0,0,0,0.8,0,0,0,0,0,0,1,0,0,0,0,0,0,0,0,99,0,,0,0,0,0,
16,16.56,-0.12,17.84,0,0,0,0,0,-5.0745,15.7625,-0.125,-0.125,-17.7,0,0,0,0,0.0572958,0,0,0,0,96,0,0,0,0,0,0,59,0,0.00034,0.00034,0,0,0,0,0,0.8,0,0,0,0,0,0,1,0,0,0,0,0,0,0,0,30,0,,0,0,0,0,
20,6.92,0,-22.3,0,0,0,0,0,2.6255,6.4,0,0,4.9,0,0,0,0,0.0572958,0,0,0,0,95,0,0,0,0,0,0,59,0,0.00034,0.00034,0,0,0,0,0,0.8,0,0,0,0,0,0,1,0,0,0,0,0,0,0,0,99,0,,0,0,0,0,
21,9.22,0,-24.09,0,0,0,0,0,3.763,8.4125,0,0,5.1,0,0,0,0,0.0572958,0,0,0,0,96,0,0,0,0,0,0,59,0,0.00034,0.00034,0,0,0,0,0,0.8,0,0,0,0,0,0,1,0,0,0,0,0,0,0,0,99,0,,0,0,0,0,
23,6.05,0,-1.66,0,0,0,0,0,0.1755,6.05,-0.125,0,-6.3,0,0,0,0,0.0572958,0,0,0,0,98,0,0,0,0,0,0,59,0,0.00034,0.00034,0,0,0,0,0,2,0,0,0,0,0,0,1,0,0,0,0,0,0,0,0,98,0,,0,0,0,0,
76,6.32,0,13.61,0,0,0,0,0,-1.487,6.1375,0,0,5.7,0,0,0,0,0.0572958,0,0,0,0,98,0,0,0,0,0,0,59,0,0.00034,0.00034,0,0,0,0,0,6.2,0,0,0,0,0,0,1,0,0,0,0,0,0,0,0,98,0,,0,0,0,0,
115,11.42,-0.12,11.04,0,0,0,0,0,-2.187,11.2125,0,-0.125,-16.3,0,0,0,0,0.0572958,0,0,0,0,65,0,0,0,0,0,0,59,0,0.00034,0.00034,0,0,0,0,0,0.8,0,0,0,0,0,0,1,0,0,0,0,0,0,0,0,99,0,,0,0,0,0,
END,Total:7
START,FrameNb:90,CameraNb:0,HeSaiNb:0,ARS410Nb:0
2026/08/02 16:23:53:831---->
heightOffset:0,1785659033831,1323521,selfCaliBufCnt:0,selfAccObjCnt:0,selfAccAngle:0,installHAngleOffset:0,Interpolation:0,installVAngleOffset:0,radarOffsetH:0,radarOffsetV:0.32,Polynom:-0.001023;-0.0511;-2.047;0;0;0;-0.001023;-0.0511;-2.047;-25.5;0;0,WheelDirection:0;0;0;0,selfAngleOffset:0,selfAngleOffsetPit:0,currCaliAngleHrz:0,currCaliAnglePit:0,selfCaliAngleHrz:0,selfCaliAnglePit:0,servCaliAngleHrz:0,servCaliAnglePit:0,offlineCaliAngleHrz:0,offlineCaliAnglePit:0,determine2useFlag:0,IMU_Z_Accel:0,IMU_X_AngularRate:0,IMU_Y_AngularRate:0,IMU_RollAngle:0,IMU_PitchAngle:0,IMU_YawAngle:0,FcwID:0,FCWWarningLevel:0,FCWTTC:0
14,10.56,0,-49.67,0,0,0,0,0,8.0505,6.8375,-0.125,0,22.5,0,0,0,0,0.0572958,0,0,0,0,97,0,0,0,0,0,0,59,0,0.00034,0.00034,0,0,0,0,0,0.8,0,0,0,0,0,0,1,0,0,0,0,0,0,0,0,99,0,,0,0,0,0,
16,16.56,-0.12,17.84,0,0,0,0,0,-5.0745,15.7625,-0.125,-0.125,-17.7,0,0,0,0,0.0572958,0,0,0,0,96,0,0,0,0,0,0,59,0,0.00034,0.00034,0,0,0,0,0,0.8,0,0,0,0,0,0,1,0,0,0,0,0,0,0,0,30,0,,0,0,0,0,
20,6.92,0,-22.3,0,0,0,0,0,2.6255,6.4,0,0,4.9,0,0,0,0,0.0572958,0,0,0,0,95,0,0,0,0,0,0,59,0,0.00034,0.00034,0,0,0,0,0,0.8,0,0,0,0,0,0,1,0,0,0,0,0,0,0,0,99,0,,0,0,0,0,
21,9.22,0,-24.09,0,0,0,0,0,3.763,8.4125,0,0,5.1,0,0,0,0,0.0572958,0,0,0,0,96,0,0,0,0,0,0,59,0,0.00034,0.00034,0,0,0,0,0,0.8,0,0,0,0,0,0,1,0,0,0,0,0,0,0,0,99,0,,0,0,0,0,
23,6.05,0,-1.66,0,0,0,0,0,0.1755,6.05,0,0,-6.3,0,0,0,0,0.0572958,0,0,0,0,98,0,0,0,0,0,0,59,0,0.00034,0.00034,0,0,0,0,0,2,0,0,0,0,0,0,1,0,0,0,0,0,0,0,0,98,0,,0,0,0,0,
76,6.32,0,13.61,0,0,0,0,0,-1.487,6.1375,0,0,5.7,0,0,0,0,0.0572958,0,0,0,0,98,0,0,0,0,0,0,59,0,0.00034,0.00034,0,0,0,0,0,6.2,0,0,0,0,0,0,1,0,0,0,0,0,0,0,0,98,0,,0,0,0,0,
115,11.42,-0.12,11.04,0,0,0,0,0,-2.187,11.2125,0,-0.125,-16.3,0,0,0,0,0.0572958,0,0,0,0,65,0,0,0,0,0,0,59,0,0.00034,0.00034,0,0,0,0,0,0.8,0,0,0,0,0,0,1,0,0,0,0,0,0,0,0,99,0,,0,0,0,0,
END,Total:7
START,FrameNb:91,CameraNb:0,HeSaiNb:0,ARS410Nb:0
2026/08/02 16:23:53:896---->
heightOffset:0,1785659033896,1323572,selfCaliBufCnt:0,selfAccObjCnt:0,selfAccAngle:0,installHAngleOffset:0,Interpolation:0,installVAngleOffset:0,radarOffsetH:0,radarOffsetV:0.32,Polynom:-0.001023;-0.0511;-2.047;0;0;0;-0.001023;-0.0511;-2.047;-25.5;0;0,WheelDirection:0;0;0;0,selfAngleOffset:0,selfAngleOffsetPit:0,currCaliAngleHrz:0,currCaliAnglePit:0,selfCaliAngleHrz:0,selfCaliAnglePit:0,servCaliAngleHrz:0,servCaliAnglePit:0,offlineCaliAngleHrz:0,offlineCaliAnglePit:0,determine2useFlag:0,IMU_Z_Accel:0,IMU_X_AngularRate:0,IMU_Y_AngularRate:0,IMU_RollAngle:0,IMU_PitchAngle:0,IMU_YawAngle:0,FcwID:0,FCWWarningLevel:0,FCWTTC:0
14,10.56,0,-49.67,0,0,0,0,0,8.0505,6.8375,-0.125,0,22.5,0,0,0,0,0.0572958,0,0,0,0,97,0,0,0,0,0,0,54,0,0.00034,0.00034,0,0,0,0,0,0.8,0,0,0,0,0,0,1,0,0,0,0,0,0,0,0,99,0,,0,0,0,0,
16,16.56,-0.12,17.84,0,0,0,0,0,-5.0745,15.7625,-0.125,-0.125,-17.7,0,0,0,0,0.0572958,0,0,0,0,96,0,0,0,0,0,0,54,0,0.00034,0.00034,0,0,0,0,0,0.8,0,0,0,0,0,0,1,0,0,0,0,0,0,0,0,30,0,,0,0,0,0,
20,6.92,0,-22.3,0,0,0,0,0,2.6255,6.4,0,0,4.9,0,0,0,0,0.0572958,0,0,0,0,95,0,0,0,0,0,0,54,0,0.00034,0.00034,0,0,0,0,0,0.8,0,0,0,0,0,0,1,0,0,0,0,0,0,0,0,99,0,,0,0,0,0,
21,9.22,0,-24.09,0,0,0,0,0,3.763,8.4125,0,0,5.1,0,0,0,0,0.0572958,0,0,0,0,96,0,0,0,0,0,0,54,0,0.00034,0.00034,0,0,0,0,0,0.8,0,0,0,0,0,0,1,0,0,0,0,0,0,0,0,99,0,,0,0,0,0,
23,6.05,0,-1.66,0,0,0,0,0,0.1755,6.05,0,0,-6.3,0,0,0,0,0.0572958,0,0,0,0,98,0,0,0,0,0,0,54,0,0.00034,0.00034,0,0,0,0,0,2,0,0,0,0,0,0,1,0,0,0,0,0,0,0,0,98,0,,0,0,0,0,
76,6.32,0,13.61,0,0,0,0,0,-1.487,6.1375,0,0,5.7,0,0,0,0,0.0572958,0,0,0,0,98,0,0,0,0,0,0,54,0,0.00034,0.00034,0,0,0,0,0,6.2,0,0,0,0,0,0,1,0,0,0,0,0,0,0,0,98,0,,0,0,0,0,
115,11.42,-0.12,11.04,0,0,0,0,0,-2.187,11.2125,0,-0.125,-16.3,0,0,0,0,0.0572958,0,0,0,0,65,0,0,0,0,0,0,54,0,0.00034,0.00034,0,0,0,0,0,0.8,0,0,0,0,0,0,1,0,0,0,0,0,0,0,0,99,0,,0,0,0,0,
END,Total:7
START,FrameNb:92,CameraNb:0,HeSaiNb:0,ARS410Nb:0
2026/08/02 16:23:53:957---->
heightOffset:0,1785659033957,1323621,selfCaliBufCnt:0,selfAccObjCnt:0,selfAccAngle:0,installHAngleOffset:0,Interpolation:0,installVAngleOffset:0,radarOffsetH:0,radarOffsetV:0.32,Polynom:-0.001023;-0.0511;-2.047;0;0;0;-0.001023;-0.0511;-2.047;-25.5;0;0,WheelDirection:0;0;0;0,selfAngleOffset:0,selfAngleOffsetPit:0,currCaliAngleHrz:0,currCaliAnglePit:0,selfCaliAngleHrz:0,selfCaliAnglePit:0,servCaliAngleHrz:0,servCaliAnglePit:0,offlineCaliAngleHrz:0,offlineCaliAnglePit:0,determine2useFlag:0,IMU_Z_Accel:0,IMU_X_AngularRate:0,IMU_Y_AngularRate:0,IMU_RollAngle:0,IMU_PitchAngle:0,IMU_YawAngle:0,FcwID:0,FCWWarningLevel:0,FCWTTC:0
14,10.56,0,-49.67,0,0,0,0,0,8.0505,6.8375,-0.125,0,22.5,0,0,0,0,0.0572958,0,0,0,0,97,0,0,0,0,0,0,54,0,0.00034,0.00034,0,0,0,0,0,0.8,0,0,0,0,0,0,1,0,0,0,0,0,0,0,0,99,0,,0,0,0,0,
16,16.56,-0.12,17.84,0,0,0,0,0,-5.0745,15.7625,-0.125,-0.125,-17.7,0,0,0,0,0.0572958,0,0,0,0,96,0,0,0,0,0,0,54,0,0.00034,0.00034,0,0,0,0,0,0.8,0,0,0,0,0,0,1,0,0,0,0,0,0,0,0,30,0,,0,0,0,0,
20,6.92,0,-22.3,0,0,0,0,0,2.6255,6.4,0,0,4.9,0,0,0,0,0.0572958,0,0,0,0,95,0,0,0,0,0,0,54,0,0.00034,0.00034,0,0,0,0,0,0.8,0,0,0,0,0,0,1,0,0,0,0,0,0,0,0,99,0,,0,0,0,0,
21,9.22,0,-24.09,0,0,0,0,0,3.763,8.4125,0,0,5.1,0,0,0,0,0.0572958,0,0,0,0,96,0,0,0,0,0,0,54,0,0.00034,0.00034,0,0,0,0,0,0.8,0,0,0,0,0,0,1,0,0,0,0,0,0,0,0,99,0,,0,0,0,0,
23,6.05,0,-1.66,0,0,0,0,0,0.1755,6.05,0,0,-6.3,0,0,0,0,0.0572958,0,0,0,0,98,0,0,0,0,0,0,54,0,0.00034,0.00034,0,0,0,0,0,2,0,0,0,0,0,0,1,0,0,0,0,0,0,0,0,98,0,,0,0,0,0,
76,6.32,0,13.61,0,0,0,0,0,-1.487,6.1375,0,0,5.7,0,0,0,0,0.0572958,0,0,0,0,98,0,0,0,0,0,0,54,0,0.00034,0.00034,0,0,0,0,0,6.2,0,0,0,0,0,0,1,0,0,0,0,0,0,0,0,98,0,,0,0,0,0,
115,11.42,-0.12,11.04,0,0,0,0,0,-2.187,11.2125,0,-0.125,-16.3,0,0,0,0,0.0572958,0,0,0,0,65,0,0,0,0,0,0,54,0,0.00034,0.00034,0,0,0,0,0,0.8,0,0,0,0,0,0,1,0,0,0,0,0,0,0,0,99,0,,0,0,0,0,
END,Total:7
START,FrameNb:93,CameraNb:0,HeSaiNb:0,ARS410Nb:0
2026/08/02 16:23:53:986---->
heightOffset:0,1785659033986,1323672,selfCaliBufCnt:0,selfAccObjCnt:0,selfAccAngle:0,installHAngleOffset:0,Interpolation:0,installVAngleOffset:0,radarOffsetH:0,radarOffsetV:0.32,Polynom:-0.001023;-0.0511;-2.047;0;0;0;-0.001023;-0.0511;-2.047;-25.5;0;0,WheelDirection:0;0;0;0,selfAngleOffset:0,selfAngleOffsetPit:0,currCaliAngleHrz:0,currCaliAnglePit:0,selfCaliAngleHrz:0,selfCaliAnglePit:0,servCaliAngleHrz:0,servCaliAnglePit:0,offlineCaliAngleHrz:0,offlineCaliAnglePit:0,determine2useFlag:0,IMU_Z_Accel:0,IMU_X_AngularRate:0,IMU_Y_AngularRate:0,IMU_RollAngle:0,IMU_PitchAngle:0,IMU_YawAngle:0,FcwID:0,FCWWarningLevel:0,FCWTTC:0
14,10.56,0,-49.67,0,0,0,0,0,8.0505,6.8375,-0.125,0,22.5,0,0,0,0,0.0572958,0,0,0,0,97,0,0,0,0,0,0,58,0,0.00034,0.00034,0,0,0,0,0,0.8,0,0,0,0,0,0,1,0,0,0,0,0,0,0,0,99,0,,0,0,0,0,
16,16.56,-0.12,17.84,0,0,0,0,0,-5.0745,15.7625,-0.125,-0.125,-17.7,0,0,0,0,0.0572958,0,0,0,0,96,0,0,0,0,0,0,58,0,0.00034,0.00034,0,0,0,0,0,0.8,0,0,0,0,0,0,1,0,0,0,0,0,0,0,0,30,0,,0,0,0,0,
20,6.92,0,-22.3,0,0,0,0,0,2.6255,6.4,0,0,4.9,0,0,0,0,0.0572958,0,0,0,0,95,0,0,0,0,0,0,58,0,0.00034,0.00034,0,0,0,0,0,0.8,0,0,0,0,0,0,1,0,0,0,0,0,0,0,0,99,0,,0,0,0,0,
21,9.22,0,-24.09,0,0,0,0,0,3.763,8.4125,0,0,4.9,0,0,0,0,0.0572958,0,0,0,0,96,0,0,0,0,0,0,58,0,0.00034,0.00034,0,0,0,0,0,0.8,0,0,0,0,0,0,1,0,0,0,0,0,0,0,0,99,0,,0,0,0,0,
23,6.05,0,-1.66,0,0,0,0,0,0.1755,6.05,0,0,-6.3,0,0,0,0,0.0572958,0,0,0,0,98,0,0,0,0,0,0,58,0,0.00034,0.00034,0,0,0,0,0,2,0,0,0,0,0,0,1,0,0,0,0,0,0,0,0,98,0,,0,0,0,0,
76,6.32,0,13.61,0,0,0,0,0,-1.487,6.1375,0,0,5.7,0,0,0,0,0.0572958,0,0,0,0,98,0,0,0,0,0,0,58,0,0.00034,0.00034,0,0,0,0,0,6.2,0,0,0,0,0,0,1,0,0,0,0,0,0,0,0,98,0,,0,0,0,0,
115,11.42,-0.12,11.04,0,0,0,0,0,-2.187,11.2125,0,-0.125,-16.3,0,0,0,0,0.0572958,0,0,0,0,65,0,0,0,0,0,0,58,0,0.00034,0.00034,0,0,0,0,0,0.8,0,0,0,0,0,0,1,0,0,0,0,0,0,0,0,99,0,,0,0,0,0,
END,Total:7
START,FrameNb:94,CameraNb:0,HeSaiNb:0,ARS410Nb:0
2026/08/02 16:23:54:041---->
heightOffset:0,1785659034041,1323721,selfCaliBufCnt:0,selfAccObjCnt:0,selfAccAngle:0,installHAngleOffset:0,Interpolation:0,installVAngleOffset:0,radarOffsetH:0,radarOffsetV:0.32,Polynom:-0.001023;-0.0511;-2.047;0;0;0;-0.001023;-0.0511;-2.047;-25.5;0;0,WheelDirection:0;0;0;0,selfAngleOffset:0,selfAngleOffsetPit:0,currCaliAngleHrz:0,currCaliAnglePit:0,selfCaliAngleHrz:0,selfCaliAnglePit:0,servCaliAngleHrz:0,servCaliAnglePit:0,offlineCaliAngleHrz:0,offlineCaliAnglePit:0,determine2useFlag:0,IMU_Z_Accel:0,IMU_X_AngularRate:0,IMU_Y_AngularRate:0,IMU_RollAngle:0,IMU_PitchAngle:0,IMU_YawAngle:0,FcwID:0,FCWWarningLevel:0,FCWTTC:0
14,10.56,0,-49.67,0,0,0,0,0,8.0505,6.8375,-0.125,0,22.3,0,0,0,0,0.0572958,0,0,0,0,97,0,0,0,0,0,0,54,0,0.00034,0.00034,0,0,0,0,0,0.8,0,0,0,0,0,0,1,0,0,0,0,0,0,0,0,99,0,,0,0,0,0,
16,16.56,-0.12,17.84,0,0,0,0,0,-5.0745,15.7625,-0.125,-0.125,-17.7,0,0,0,0,0.0572958,0,0,0,0,96,0,0,0,0,0,0,54,0,0.00034,0.00034,0,0,0,0,0,0.8,0,0,0,0,0,0,1,0,0,0,0,0,0,0,0,30,0,,0,0,0,0,
20,6.92,0,-22.3,0,0,0,0,0,2.6255,6.4,0,0,4.9,0,0,0,0,0.0572958,0,0,0,0,95,0,0,0,0,0,0,54,0,0.00034,0.00034,0,0,0,0,0,0.8,0,0,0,0,0,0,1,0,0,0,0,0,0,0,0,99,0,,0,0,0,0,
21,9.22,0,-24.09,0,0,0,0,0,3.763,8.4125,0,0,5.1,0,0,0,0,0.0572958,0,0,0,0,96,0,0,0,0,0,0,54,0,0.00034,0.00034,0,0,0,0,0,0.8,0,0,0,0,0,0,1,0,0,0,0,0,0,0,0,99,0,,0,0,0,0,
23,6.05,0,-1.66,0,0,0,0,0,0.1755,6.05,0,0,-6.3,0,0,0,0,0.0572958,0,0,0,0,98,0,0,0,0,0,0,54,0,0.00034,0.00034,0,0,0,0,0,2,0,0,0,0,0,0,1,0,0,0,0,0,0,0,0,98,0,,0,0,0,0,
76,6.32,0,13.61,0,0,0,0,0,-1.487,6.1375,0,0,5.7,0,0,0,0,0.0572958,0,0,0,0,98,0,0,0,0,0,0,54,0,0.00034,0.00034,0,0,0,0,0,6.2,0,0,0,0,0,0,1,0,0,0,0,0,0,0,0,98,0,,0,0,0,0,
115,11.42,0,11.04,0,0,0,0,0,-2.187,11.2125,0,0,-16.3,0,0,0,0,0.0572958,0,0,0,0,65,0,0,0,0,0,0,54,0,0.00034,0.00034,0,0,0,0,0,0.8,0,0,0,0,0,0,1,0,0,0,0,0,0,0,0,99,0,,0,0,0,0,
END,Total:7
START,FrameNb:95,CameraNb:0,HeSaiNb:0,ARS410Nb:0
2026/08/02 16:23:54:080---->
heightOffset:0,1785659034080,1323771,selfCaliBufCnt:0,selfAccObjCnt:0,selfAccAngle:0,installHAngleOffset:0,Interpolation:0,installVAngleOffset:0,radarOffsetH:0,radarOffsetV:0.32,Polynom:-0.001023;-0.0511;-2.047;0;0;0;-0.001023;-0.0511;-2.047;-25.5;0;0,WheelDirection:0;0;0;0,selfAngleOffset:0,selfAngleOffsetPit:0,currCaliAngleHrz:0,currCaliAnglePit:0,selfCaliAngleHrz:0,selfCaliAnglePit:0,servCaliAngleHrz:0,servCaliAnglePit:0,offlineCaliAngleHrz:0,offlineCaliAnglePit:0,determine2useFlag:0,IMU_Z_Accel:0,IMU_X_AngularRate:0,IMU_Y_AngularRate:0,IMU_RollAngle:0,IMU_PitchAngle:0,IMU_YawAngle:0,FcwID:0,FCWWarningLevel:0,FCWTTC:0
14,10.56,0,-49.67,0,0,0,0,0,8.0505,6.8375,-0.125,0,22.3,0,0,0,0,0.0572958,0,0,0,0,97,0,0,0,0,0,0,61,0,0.00034,0.00034,0,0,0,0,0,0.8,0,0,0,0,0,0,1,0,0,0,0,0,0,0,0,99,0,,0,0,0,0,
16,16.56,0,17.84,0,0,0,0,0,-5.0745,15.7625,-0.125,0,-17.7,0,0,0,0,0.0572958,0,0,0,0,96,0,0,0,0,0,0,61,0,0.00034,0.00034,0,0,0,0,0,0.8,0,0,0,0,0,0,1,0,0,0,0,0,0,0,0,30,0,,0,0,0,0,
20,6.92,0,-22.3,0,0,0,0,0,2.6255,6.4,0,0,4.9,0,0,0,0,0.0572958,0,0,0,0,95,0,0,0,0,0,0,61,0,0.00034,0.00034,0,0,0,0,0,0.8,0,0,0,0,0,0,1,0,0,0,0,0,0,0,0,99,0,,0,0,0,0,
21,9.22,0,-24.09,0,0,0,0,0,3.763,8.4125,0,0,5.1,0,0,0,0,0.0572958,0,0,0,0,96,0,0,0,0,0,0,61,0,0.00034,0.00034,0,0,0,0,0,0.8,0,0,0,0,0,0,1,0,0,0,0,0,0,0,0,99,0,,0,0,0,0,
23,6.05,0,-1.66,0,0,0,0,0,0.1755,6.05,0,0,-6.3,0,0,0,0,0.0572958,0,0,0,0,98,0,0,0,0,0,0,61,0,0.00034,0.00034,0,0,0,0,0,2,0,0,0,0,0,0,1,0,0,0,0,0,0,0,0,98,0,,0,0,0,0,
76,6.32,0,13.61,0,0,0,0,0,-1.487,6.1375,0,0,5.7,0,0,0,0,0.0572958,0,0,0,0,98,0,0,0,0,0,0,61,0,0.00034,0.00034,0,0,0,0,0,6.2,0,0,0,0,0,0,1,0,0,0,0,0,0,0,0,98,0,,0,0,0,0,
115,11.42,0,11.04,0,0,0,0,0,-2.187,11.2125,0,0,-16.3,0,0,0,0,0.0572958,0,0,0,0,65,0,0,0,0,0,0,61,0,0.00034,0.00034,0,0,0,0,0,0.8,0,0,0,0,0,0,1,0,0,0,0,0,0,0,0,99,0,,0,0,0,0,
END,Total:7
START,FrameNb:96,CameraNb:0,HeSaiNb:0,ARS410Nb:0
2026/08/02 16:23:54:141---->
heightOffset:0,1785659034141,1323821,selfCaliBufCnt:0,selfAccObjCnt:0,selfAccAngle:0,installHAngleOffset:0,Interpolation:0,installVAngleOffset:0,radarOffsetH:0,radarOffsetV:0.32,Polynom:-0.001023;-0.0511;-2.047;0;0;0;-0.001023;-0.0511;-2.047;-25.5;0;0,WheelDirection:0;0;0;0,selfAngleOffset:0,selfAngleOffsetPit:0,currCaliAngleHrz:0,currCaliAnglePit:0,selfCaliAngleHrz:0,selfCaliAnglePit:0,servCaliAngleHrz:0,servCaliAnglePit:0,offlineCaliAngleHrz:0,offlineCaliAnglePit:0,determine2useFlag:0,IMU_Z_Accel:0,IMU_X_AngularRate:0,IMU_Y_AngularRate:0,IMU_RollAngle:0,IMU_PitchAngle:0,IMU_YawAngle:0,FcwID:0,FCWWarningLevel:0,FCWTTC:0
14,10.56,0,-49.67,0,0,0,0,0,8.0505,6.8375,-0.125,0,22.3,0,0,0,0,0.0572958,0,0,0,0,97,0,0,0,0,0,0,59,0,0.00034,0.00034,0,0,0,0,0,0.8,0,0,0,0,0,0,1,0,0,0,0,0,0,0,0,99,0,,0,0,0,0,
16,16.56,0,17.84,0,0,0,0,0,-5.0745,15.7625,-0.125,0,-17.7,0,0,0,0,0.0572958,0,0,0,0,96,0,0,0,0,0,0,59,0,0.00034,0.00034,0,0,0,0,0,0.8,0,0,0,0,0,0,1,0,0,0,0,0,0,0,0,30,0,,0,0,0,0,
20,6.92,0,-22.3,0,0,0,0,0,2.6255,6.4,0,0,4.9,0,0,0,0,0.0572958,0,0,0,0,95,0,0,0,0,0,0,59,0,0.00034,0.00034,0,0,0,0,0,0.8,0,0,0,0,0,0,1,0,0,0,0,0,0,0,0,99,0,,0,0,0,0,
21,9.22,0,-24.09,0,0,0,0,0,3.763,8.4125,0,0,5.1,0,0,0,0,0.0572958,0,0,0,0,65,0,0,0,0,0,0,59,0,0.00034,0.00034,0,0,0,0,0,1,0,0,0,0,0,0,1,0,0,0,0,0,0,0,0,99,0,,0,0,0,0,
23,6.05,0,-1.66,0,0,0,0,0,0.1755,6.05,0,0,-6.3,0,0,0,0,0.0572958,0,0,0,0,98,0,0,0,0,0,0,59,0,0.00034,0.00034,0,0,0,0,0,2,0,0,0,0,0,0,1,0,0,0,0,0,0,0,0,98,0,,0,0,0,0,
76,6.32,0,13.61,0,0,0,0,0,-1.487,6.1375,0,0,5.7,0,0,0,0,0.0572958,0,0,0,0,98,0,0,0,0,0,0,59,0,0.00034,0.00034,0,0,0,0,0,6.2,0,0,0,0,0,0,1,0,0,0,0,0,0,0,0,98,0,,0,0,0,0,
115,11.42,-0.12,11.04,0,0,0,0,0,-2.187,11.2125,0,-0.125,-16.3,0,0,0,0,0.0572958,0,0,0,0,65,0,0,0,0,0,0,59,0,0.00034,0.00034,0,0,0,0,0,0.8,0,0,0,0,0,0,1,0,0,0,0,0,0,0,0,99,0,,0,0,0,0,
END,Total:7
START,FrameNb:97,CameraNb:0,HeSaiNb:0,ARS410Nb:0
2026/08/02 16:23:54:206---->
heightOffset:0,1785659034206,1323871,selfCaliBufCnt:0,selfAccObjCnt:0,selfAccAngle:0,installHAngleOffset:0,Interpolation:0,installVAngleOffset:0,radarOffsetH:0,radarOffsetV:0.32,Polynom:-0.001023;-0.0511;-2.047;0;0;0;-0.001023;-0.0511;-2.047;-25.5;0;0,WheelDirection:0;0;0;0,selfAngleOffset:0,selfAngleOffsetPit:0,currCaliAngleHrz:0,currCaliAnglePit:0,selfCaliAngleHrz:0,selfCaliAnglePit:0,servCaliAngleHrz:0,servCaliAnglePit:0,offlineCaliAngleHrz:0,offlineCaliAnglePit:0,determine2useFlag:0,IMU_Z_Accel:0,IMU_X_AngularRate:0,IMU_Y_AngularRate:0,IMU_RollAngle:0,IMU_PitchAngle:0,IMU_YawAngle:0,FcwID:0,FCWWarningLevel:0,FCWTTC:0
14,10.56,0,-49.67,0,0,0,0,0,8.0505,6.8375,0,0,22.3,0,0,0,0,0.0572958,0,0,0,0,97,0,0,0,0,0,0,60,0,0.00034,0.00034,0,0,0,0,0,0.8,0,0,0,0,0,0,1,0,0,0,0,0,0,0,0,99,0,,0,0,0,0,
16,16.56,0,17.84,0,0,0,0,0,-5.0745,15.7625,-0.125,0,-17.7,0,0,0,0,0.0572958,0,0,0,0,96,0,0,0,0,0,0,60,0,0.00034,0.00034,0,0,0,0,0,0.8,0,0,0,0,0,0,1,0,0,0,0,0,0,0,0,30,0,,0,0,0,0,
20,6.92,0,-22.3,0,0,0,0,0,2.6255,6.4,0,0,4.9,0,0,0,0,0.0572958,0,0,0,0,95,0,0,0,0,0,0,60,0,0.00034,0.00034,0,0,0,0,0,0.8,0,0,0,0,0,0,1,0,0,0,0,0,0,0,0,99,0,,0,0,0,0,
21,9.22,0,-24.09,0,0,0,0,0,3.763,8.4125,0,0,5.1,0,0,0,0,0.0572958,0,0,0,0,65,0,0,0,0,0,0,60,0,0.00034,0.00034,0,0,0,0,0,1,0,0,0,0,0,0,1,0,0,0,0,0,0,0,0,99,0,,0,0,0,0,
23,6.05,0,-1.66,0,0,0,0,0,0.1755,6.05,0,0,-6.3,0,0,0,0,0.0572958,0,0,0,0,98,0,0,0,0,0,0,60,0,0.00034,0.00034,0,0,0,0,0,2,0,0,0,0,0,0,1,0,0,0,0,0,0,0,0,98,0,,0,0,0,0,
76,6.32,0,13.61,0,0,0,0,0,-1.487,6.1375,0,0,5.7,0,0,0,0,0.0572958,0,0,0,0,98,0,0,0,0,0,0,60,0,0.00034,0.00034,0,0,0,0,0,6.2,0,0,0,0,0,0,1,0,0,0,0,0,0,0,0,98,0,,0,0,0,0,
115,11.42,-0.12,11.04,0,0,0,0,0,-2.187,11.2125,0,-0.125,-16.3,0,0,0,0,0.0572958,0,0,0,0,65,0,0,0,0,0,0,60,0,0.00034,0.00034,0,0,0,0,0,0.8,0,0,0,0,0,0,1,0,0,0,0,0,0,0,0,99,0,,0,0,0,0,
END,Total:7
START,FrameNb:98,CameraNb:0,HeSaiNb:0,ARS410Nb:0
2026/08/02 16:23:54:233---->
heightOffset:0,1785659034233,1323922,selfCaliBufCnt:0,selfAccObjCnt:0,selfAccAngle:0,installHAngleOffset:0,Interpolation:0,installVAngleOffset:0,radarOffsetH:0,radarOffsetV:0.32,Polynom:-0.001023;-0.0511;-2.047;0;0;0;-0.001023;-0.0511;-2.047;-25.5;0;0,WheelDirection:0;0;0;0,selfAngleOffset:0,selfAngleOffsetPit:0,currCaliAngleHrz:0,currCaliAnglePit:0,selfCaliAngleHrz:0,selfCaliAnglePit:0,servCaliAngleHrz:0,servCaliAnglePit:0,offlineCaliAngleHrz:0,offlineCaliAnglePit:0,determine2useFlag:0,IMU_Z_Accel:0,IMU_X_AngularRate:0,IMU_Y_AngularRate:0,IMU_RollAngle:0,IMU_PitchAngle:0,IMU_YawAngle:0,FcwID:0,FCWWarningLevel:0,FCWTTC:0
14,10.56,0,-49.67,0,0,0,0,0,8.0505,6.8375,0,0,22.3,0,0,0,0,0.0572958,0,0,0,0,97,0,0,0,0,0,0,55,0,0.00034,0.00034,0,0,0,0,0,0.8,0,0,0,0,0,0,1,0,0,0,0,0,0,0,0,99,0,,0,0,0,0,
16,16.56,0,17.84,0,0,0,0,0,-5.0745,15.7625,-0.125,0,-17.7,0,0,0,0,0.0572958,0,0,0,0,96,0,0,0,0,0,0,55,0,0.00034,0.00034,0,0,0,0,0,0.8,0,0,0,0,0,0,1,0,0,0,0,0,0,0,0,30,0,,0,0,0,0,
20,6.92,0,-22.3,0,0,0,0,0,2.6255,6.4,0,0,4.9,0,0,0,0,0.0572958,0,0,0,0,95,0,0,0,0,0,0,55,0,0.00034,0.00034,0,0,0,0,0,0.8,0,0,0,0,0,0,1,0,0,0,0,0,0,0,0,99,0,,0,0,0,0,
21,9.22,0,-24.09,0,0,0,0,0,3.763,8.4125,0,0,5.1,0,0,0,0,0.0572958,0,0,0,0,65,0,0,0,0,0,0,55,0,0.00034,0.00034,0,0,0,0,0,1,0,0,0,0,0,0,1,0,0,0,0,0,0,0,0,99,0,,0,0,0,0,
23,6.05,0,-1.66,0,0,0,0,0,0.1755,6.05,0,0,-6.3,0,0,0,0,0.0572958,0,0,0,0,98,0,0,0,0,0,0,55,0,0.00034,0.00034,0,0,0,0,0,2,0,0,0,0,0,0,1,0,0,0,0,0,0,0,0,98,0,,0,0,0,0,
76,6.32,0,13.61,0,0,0,0,0,-1.487,6.1375,0,0,5.7,0,0,0,0,0.0572958,0,0,0,0,98,0,0,0,0,0,0,55,0,0.00034,0.00034,0,0,0,0,0,6.2,0,0,0,0,0,0,1,0,0,0,0,0,0,0,0,98,0,,0,0,0,0,
115,11.42,0,11.04,0,0,0,0,0,-2.187,11.2125,0,0,-16.3,0,0,0,0,0.0572958,0,0,0,0,65,0,0,0,0,0,0,55,0,0.00034,0.00034,0,0,0,0,0,0.8,0,0,0,0,0,0,1,0,0,0,0,0,0,0,0,99,0,,0,0,0,0,
END,Total:7
START,FrameNb:99,CameraNb:0,HeSaiNb:0,ARS410Nb:0
2026/08/02 16:23:54:286---->
heightOffset:0,1785659034286,1323971,selfCaliBufCnt:0,selfAccObjCnt:0,selfAccAngle:0,installHAngleOffset:0,Interpolation:0,installVAngleOffset:0,radarOffsetH:0,radarOffsetV:0.32,Polynom:-0.001023;-0.0511;-2.047;0;0;0;-0.001023;-0.0511;-2.047;-25.5;0;0,WheelDirection:0;0;0;0,selfAngleOffset:0,selfAngleOffsetPit:0,currCaliAngleHrz:0,currCaliAnglePit:0,selfCaliAngleHrz:0,selfCaliAnglePit:0,servCaliAngleHrz:0,servCaliAnglePit:0,offlineCaliAngleHrz:0,offlineCaliAnglePit:0,determine2useFlag:0,IMU_Z_Accel:0,IMU_X_AngularRate:0,IMU_Y_AngularRate:0,IMU_RollAngle:0,IMU_PitchAngle:0,IMU_YawAngle:0,FcwID:0,FCWWarningLevel:0,FCWTTC:0
14,10.56,0,-49.67,0,0,0,0,0,8.0505,6.8375,0,0,22.3,0,0,0,0,0.0572958,0,0,0,0,97,0,0,0,0,0,0,58,0,0.00034,0.00034,0,0,0,0,0,0.8,0,0,0,0,0,0,1,0,0,0,0,0,0,0,0,99,0,,0,0,0,0,
16,16.56,0,17.84,0,0,0,0,0,-5.0745,15.7625,-0.125,0,-17.7,0,0,0,0,0.0572958,0,0,0,0,96,0,0,0,0,0,0,58,0,0.00034,0.00034,0,0,0,0,0,0.8,0,0,0,0,0,0,1,0,0,0,0,0,0,0,0,30,0,,0,0,0,0,
20,6.92,0,-22.3,0,0,0,0,0,2.6255,6.4,0,0,4.9,0,0,0,0,0.0572958,0,0,0,0,95,0,0,0,0,0,0,58,0,0.00034,0.00034,0,0,0,0,0,0.8,0,0,0,0,0,0,1,0,0,0,0,0,0,0,0,99,0,,0,0,0,0,
21,9.22,0,-24.09,0,0,0,0,0,3.763,8.4125,0,0,5.1,0,0,0,0,0.0572958,0,0,0,0,65,0,0,0,0,0,0,58,0,0.00034,0.00034,0,0,0,0,0,1,0,0,0,0,0,0,1,0,0,0,0,0,0,0,0,99,0,,0,0,0,0,
23,6.05,0,-1.66,0,0,0,0,0,0.1755,6.05,0,0,-6.3,0,0,0,0,0.0572958,0,0,0,0,98,0,0,0,0,0,0,58,0,0.00034,0.00034,0,0,0,0,0,2,0,0,0,0,0,0,1,0,0,0,0,0,0,0,0,98,0,,0,0,0,0,
76,6.32,0,13.61,0,0,0,0,0,-1.487,6.1375,0,0,5.7,0,0,0,0,0.0572958,0,0,0,0,98,0,0,0,0,0,0,58,0,0.00034,0.00034,0,0,0,0,0,6.2,0,0,0,0,0,0,1,0,0,0,0,0,0,0,0,98,0,,0,0,0,0,
115,11.42,0,11.04,0,0,0,0,0,-2.187,11.2125,0,0,-16.3,0,0,0,0,0.0572958,0,0,0,0,65,0,0,0,0,0,0,58,0,0.00034,0.00034,0,0,0,0,0,0.8,0,0,0,0,0,0,1,0,0,0,0,0,0,0,0,99,0,,0,0,0,0,
END,Total:7
START,FrameNb:100,CameraNb:0,HeSaiNb:0,ARS410Nb:0
2026/08/02 16:23:54:327---->
heightOffset:0,1785659034327,1324021,selfCaliBufCnt:0,selfAccObjCnt:0,selfAccAngle:0,installHAngleOffset:0,Interpolation:0,installVAngleOffset:0,radarOffsetH:0,radarOffsetV:0.32,Polynom:-0.001023;-0.0511;-2.047;0;0;0;-0.001023;-0.0511;-2.047;-25.5;0;0,WheelDirection:0;0;0;0,selfAngleOffset:0,selfAngleOffsetPit:0,currCaliAngleHrz:0,currCaliAnglePit:0,selfCaliAngleHrz:0,selfCaliAnglePit:0,servCaliAngleHrz:0,servCaliAnglePit:0,offlineCaliAngleHrz:0,offlineCaliAnglePit:0,determine2useFlag:0,IMU_Z_Accel:0,IMU_X_AngularRate:0,IMU_Y_AngularRate:0,IMU_RollAngle:0,IMU_PitchAngle:0,IMU_YawAngle:0,FcwID:0,FCWWarningLevel:0,FCWTTC:0
14,10.56,0,-49.67,0,0,0,0,0,8.0505,6.8375,0,0,22.3,0,0,0,0,0.0572958,0,0,0,0,97,0,0,0,0,0,0,58,0,0.00034,0.00034,0,0,0,0,0,0.8,0,0,0,0,0,0,1,0,0,0,0,0,0,0,0,99,0,,0,0,0,0,
16,16.56,0,17.84,0,0,0,0,0,-5.0745,15.7625,-0.125,0,-17.7,0,0,0,0,0.0572958,0,0,0,0,96,0,0,0,0,0,0,58,0,0.00034,0.00034,0,0,0,0,0,0.8,0,0,0,0,0,0,1,0,0,0,0,0,0,0,0,30,0,,0,0,0,0,
20,6.92,0,-22.3,0,0,0,0,0,2.6255,6.4,0,0,4.9,0,0,0,0,0.0572958,0,0,0,0,95,0,0,0,0,0,0,58,0,0.00034,0.00034,0,0,0,0,0,0.8,0,0,0,0,0,0,1,0,0,0,0,0,0,0,0,99,0,,0,0,0,0,
21,9.22,0,-24.09,0,0,0,0,0,3.763,8.4125,0,0,5.1,0,0,0,0,0.0572958,0,0,0,0,65,0,0,0,0,0,0,58,0,0.00034,0.00034,0,0,0,0,0,1,0,0,0,0,0,0,1,0,0,0,0,0,0,0,0,99,0,,0,0,0,0,
23,6.05,0,-1.66,0,0,0,0,0,0.1755,6.05,0,0,-6.3,0,0,0,0,0.0572958,0,0,0,0,98,0,0,0,0,0,0,58,0,0.00034,0.00034,0,0,0,0,0,2,0,0,0,0,0,0,1,0,0,0,0,0,0,0,0,98,0,,0,0,0,0,
76,6.32,0,13.61,0,0,0,0,0,-1.487,6.1375,0,0,5.7,0,0,0,0,0.0572958,0,0,0,0,98,0,0,0,0,0,0,58,0,0.00034,0.00034,0,0,0,0,0,6.2,0,0,0,0,0,0,1,0,0,0,0,0,0,0,0,98,0,,0,0,0,0,
115,11.42,0,11.04,0,0,0,0,0,-2.187,11.2125,0,0,-16.3,0,0,0,0,0.0572958,0,0,0,0,65,0,0,0,0,0,0,58,0,0.00034,0.00034,0,0,0,0,0,0.8,0,0,0,0,0,0,1,0,0,0,0,0,0,0,0,99,0,,0,0,0,0,
END,Total:7
START,FrameNb:101,CameraNb:0,HeSaiNb:0,ARS410Nb:0
2026/08/02 16:23:54:390---->
heightOffset:0,1785659034390,1324071,selfCaliBufCnt:0,selfAccObjCnt:0,selfAccAngle:0,installHAngleOffset:0,Interpolation:0,installVAngleOffset:0,radarOffsetH:0,radarOffsetV:0.32,Polynom:-0.001023;-0.0511;-2.047;0;0;0;-0.001023;-0.0511;-2.047;-25.5;0;0,WheelDirection:0;0;0;0,selfAngleOffset:0,selfAngleOffsetPit:0,currCaliAngleHrz:0,currCaliAnglePit:0,selfCaliAngleHrz:0,selfCaliAnglePit:0,servCaliAngleHrz:0,servCaliAnglePit:0,offlineCaliAngleHrz:0,offlineCaliAnglePit:0,determine2useFlag:0,IMU_Z_Accel:0,IMU_X_AngularRate:0,IMU_Y_AngularRate:0,IMU_RollAngle:0,IMU_PitchAngle:0,IMU_YawAngle:0,FcwID:0,FCWWarningLevel:0,FCWTTC:0
14,10.5,-0.08,-49.32,0,0,0,0,0,7.963,6.8375,0,-0.125,22.3,0,0,0,0,0.0572958,0,0,0,0,97,0,0,0,0,0,0,54,0,0.00034,0.00034,0,0,0,0,0,0.8,0,0,0,0,0,0,1,0,0,0,0,0,0,0,0,99,0,,0,0,0,0,
16,16.56,0,17.84,0,0,0,0,0,-5.0745,15.7625,0,0,-17.7,0,0,0,0,0.0572958,0,0,0,0,96,0,0,0,0,0,0,54,0,0.00034,0.00034,0,0,0,0,0,0.8,0,0,0,0,0,0,1,0,0,0,0,0,0,0,0,30,0,,0,0,0,0,
20,6.92,0,-22.3,0,0,0,0,0,2.6255,6.4,0,0,4.9,0,0,0,0,0.0572958,0,0,0,0,95,0,0,0,0,0,0,54,0,0.00034,0.00034,0,0,0,0,0,0.8,0,0,0,0,0,0,1,0,0,0,0,0,0,0,0,99,0,,0,0,0,0,
21,9.22,0,-24.09,0,0,0,0,0,3.763,8.4125,0,0,5.1,0,0,0,0,0.0572958,0,0,0,0,65,0,0,0,0,0,0,54,0,0.00034,0.00034,0,0,0,0,0,1,0,0,0,0,0,0,1,0,0,0,0,0,0,0,0,99,0,,0,0,0,0,
23,6.05,0,-1.66,0,0,0,0,0,0.1755,6.05,0,0,-6.3,0,0,0,0,0.0572958,0,0,0,0,98,0,0,0,0,0,0,54,0,0.00034,0.00034,0,0,0,0,0,2,0,0,0,0,0,0,1,0,0,0,0,0,0,0,0,98,0,,0,0,0,0,
76,6.32,0,13.61,0,0,0,0,0,-1.487,6.1375,0,0,5.7,0,0,0,0,0.0572958,0,0,0,0,98,0,0,0,0,0,0,54,0,0.00034,0.00034,0,0,0,0,0,6.2,0,0,0,0,0,0,1,0,0,0,0,0,0,0,0,98,0,,0,0,0,0,
115,11.42,0,11.04,0,0,0,0,0,-2.187,11.2125,0,0,-16.3,0,0,0,0,0.0572958,0,0,0,0,65,0,0,0,0,0,0,54,0,0.00034,0.00034,0,0,0,0,0,0.8,0,0,0,0,0,0,1,0,0,0,0,0,0,0,0,99,0,,0,0,0,0,
END,Total:7
START,FrameNb:102,CameraNb:0,HeSaiNb:0,ARS410Nb:0
2026/08/02 16:23:54:454---->
heightOffset:0,1785659034454,1324121,selfCaliBufCnt:0,selfAccObjCnt:0,selfAccAngle:0,installHAngleOffset:0,Interpolation:0,installVAngleOffset:0,radarOffsetH:0,radarOffsetV:0.32,Polynom:-0.001023;-0.0511;-2.047;0;0;0;-0.001023;-0.0511;-2.047;-25.5;0;0,WheelDirection:0;0;0;0,selfAngleOffset:0,selfAngleOffsetPit:0,currCaliAngleHrz:0,currCaliAnglePit:0,selfCaliAngleHrz:0,selfCaliAnglePit:0,servCaliAngleHrz:0,servCaliAnglePit:0,offlineCaliAngleHrz:0,offlineCaliAnglePit:0,determine2useFlag:0,IMU_Z_Accel:0,IMU_X_AngularRate:0,IMU_Y_AngularRate:0,IMU_RollAngle:0,IMU_PitchAngle:0,IMU_YawAngle:0,FcwID:0,FCWWarningLevel:0,FCWTTC:0
14,10.5,-0.08,-49.32,0,0,0,0,0,7.963,6.8375,0,-0.125,22.3,0,0,0,0,0.0572958,0,0,0,0,97,0,0,0,0,0,0,58,0,0.00034,0.00034,0,0,0,0,0,0.8,0,0,0,0,0,0,1,0,0,0,0,0,0,0,0,99,0,,0,0,0,0,
16,16.56,0,17.84,0,0,0,0,0,-5.0745,15.7625,0,0,-17.7,0,0,0,0,0.0572958,0,0,0,0,96,0,0,0,0,0,0,58,0,0.00034,0.00034,0,0,0,0,0,0.8,0,0,0,0,0,0,1,0,0,0,0,0,0,0,0,30,0,,0,0,0,0,
20,6.92,0,-22.3,0,0,0,0,0,2.6255,6.4,0,0,4.9,0,0,0,0,0.0572958,0,0,0,0,95,0,0,0,0,0,0,58,0,0.00034,0.00034,0,0,0,0,0,0.8,0,0,0,0,0,0,1,0,0,0,0,0,0,0,0,99,0,,0,0,0,0,
21,9.22,0,-24.09,0,0,0,0,0,3.763,8.4125,0,0,5.3,0,0,0,0,0.0572958,0,0,0,0,65,0,0,0,0,0,0,58,0,0.00034,0.00034,0,0,0,0,0,1,0,0,0,0,0,0,1,0,0,0,0,0,0,0,0,99,0,,0,0,0,0,
23,6.05,0,-1.66,0,0,0,0,0,0.1755,6.05,0,0,-6.3,0,0,0,0,0.0572958,0,0,0,0,98,0,0,0,0,0,0,58,0,0.00034,0.00034,0,0,0,0,0,2,0,0,0,0,0,0,1,0,0,0,0,0,0,0,0,98,0,,0,0,0,0,
76,6.32,0,13.61,0,0,0,0,0,-1.487,6.1375,0,0,5.7,0,0,0,0,0.0572958,0,0,0,0,98,0,0,0,0,0,0,58,0,0.00034,0.00034,0,0,0,0,0,6.2,0,0,0,0,0,0,1,0,0,0,0,0,0,0,0,98,0,,0,0,0,0,
115,11.42,0,11.04,0,0,0,0,0,-2.187,11.2125,0,0,-16.3,0,0,0,0,0.0572958,0,0,0,0,65,0,0,0,0,0,0,58,0,0.00034,0.00034,0,0,0,0,0,0.8,0,0,0,0,0,0,1,0,0,0,0,0,0,0,0,99,0,,0,0,0,0,
END,Total:7
START,FrameNb:103,CameraNb:0,HeSaiNb:0,ARS410Nb:0
2026/08/02 16:23:54:484---->
heightOffset:0,1785659034484,1324171,selfCaliBufCnt:0,selfAccObjCnt:0,selfAccAngle:0,installHAngleOffset:0,Interpolation:0,installVAngleOffset:0,radarOffsetH:0,radarOffsetV:0.32,Polynom:-0.001023;-0.0511;-2.047;0;0;0;-0.001023;-0.0511;-2.047;-25.5;0;0,WheelDirection:0;0;0;0,selfAngleOffset:0,selfAngleOffsetPit:0,currCaliAngleHrz:0,currCaliAnglePit:0,selfCaliAngleHrz:0,selfCaliAnglePit:0,servCaliAngleHrz:0,servCaliAnglePit:0,offlineCaliAngleHrz:0,offlineCaliAnglePit:0,determine2useFlag:0,IMU_Z_Accel:0,IMU_X_AngularRate:0,IMU_Y_AngularRate:0,IMU_RollAngle:0,IMU_PitchAngle:0,IMU_YawAngle:0,FcwID:0,FCWWarningLevel:0,FCWTTC:0
14,10.5,-0.08,-49.32,0,0,0,0,0,7.963,6.8375,0,-0.125,22.3,0,0,0,0,0.0572958,0,0,0,0,97,0,0,0,0,0,0,57,0,0.00034,0.00034,0,0,0,0,0,0.8,0,0,0,0,0,0,1,0,0,0,0,0,0,0,0,99,0,,0,0,0,0,
16,16.56,0,17.84,0,0,0,0,0,-5.0745,15.7625,0,0,-17.7,0,0,0,0,0.0572958,0,0,0,0,96,0,0,0,0,0,0,57,0,0.00034,0.00034,0,0,0,0,0,0.8,0,0,0,0,0,0,1,0,0,0,0,0,0,0,0,30,0,,0,0,0,0,
20,6.92,0,-22.3,0,0,0,0,0,2.6255,6.4,0,0,4.9,0,0,0,0,0.0572958,0,0,0,0,95,0,0,0,0,0,0,57,0,0.00034,0.00034,0,0,0,0,0,0.8,0,0,0,0,0,0,1,0,0,0,0,0,0,0,0,99,0,,0,0,0,0,
21,9.22,0,-24.09,0,0,0,0,0,3.763,8.4125,0,0,5.3,0,0,0,0,0.0572958,0,0,0,0,65,0,0,0,0,0,0,57,0,0.00034,0.00034,0,0,0,0,0,1,0,0,0,0,0,0,1,0,0,0,0,0,0,0,0,99,0,,0,0,0,0,
23,6.05,0,-1.66,0,0,0,0,0,0.1755,6.05,0,0,-6.3,0,0,0,0,0.0572958,0,0,0,0,98,0,0,0,0,0,0,57,0,0.00034,0.00034,0,0,0,0,0,2,0,0,0,0,0,0,1,0,0,0,0,0,0,0,0,98,0,,0,0,0,0,
76,6.32,0,13.61,0,0,0,0,0,-1.487,6.1375,0,0,5.7,0,0,0,0,0.0572958,0,0,0,0,98,0,0,0,0,0,0,57,0,0.00034,0.00034,0,0,0,0,0,6.2,0,0,0,0,0,0,1,0,0,0,0,0,0,0,0,98,0,,0,0,0,0,
115,11.42,0,11.04,0,0,0,0,0,-2.187,11.2125,0,0,-16.3,0,0,0,0,0.0572958,0,0,0,0,65,0,0,0,0,0,0,57,0,0.00034,0.00034,0,0,0,0,0,0.8,0,0,0,0,0,0,1,0,0,0,0,0,0,0,0,99,0,,0,0,0,0,
END,Total:7
START,FrameNb:104,CameraNb:0,HeSaiNb:0,ARS410Nb:0
2026/08/02 16:23:54:536---->
heightOffset:0,1785659034536,1324221,selfCaliBufCnt:0,selfAccObjCnt:0,selfAccAngle:0,installHAngleOffset:0,Interpolation:0,installVAngleOffset:0,radarOffsetH:0,radarOffsetV:0.32,Polynom:-0.001023;-0.0511;-2.047;0;0;0;-0.001023;-0.0511;-2.047;-25.5;0;0,WheelDirection:0;0;0;0,selfAngleOffset:0,selfAngleOffsetPit:0,currCaliAngleHrz:0,currCaliAnglePit:0,selfCaliAngleHrz:0,selfCaliAnglePit:0,servCaliAngleHrz:0,servCaliAnglePit:0,offlineCaliAngleHrz:0,offlineCaliAnglePit:0,determine2useFlag:0,IMU_Z_Accel:0,IMU_X_AngularRate:0,IMU_Y_AngularRate:0,IMU_RollAngle:0,IMU_PitchAngle:0,IMU_YawAngle:0,FcwID:0,FCWWarningLevel:0,FCWTTC:0
14,10.5,-0.08,-49.32,0,0,0,0,0,7.963,6.8375,0,-0.125,22.3,0,0,0,0,0.0572958,0,0,0,0,97,0,0,0,0,0,0,63,0,0.00034,0.00034,0,0,0,0,0,0.8,0,0,0,0,0,0,1,0,0,0,0,0,0,0,0,99,0,,0,0,0,0,
16,16.56,0,17.84,0,0,0,0,0,-5.0745,15.7625,0,0,-17.7,0,0,0,0,0.0572958,0,0,0,0,96,0,0,0,0,0,0,63,0,0.00034,0.00034,0,0,0,0,0,0.8,0,0,0,0,0,0,1,0,0,0,0,0,0,0,0,30,0,,0,0,0,0,
20,6.92,0,-22.3,0,0,0,0,0,2.6255,6.4,0,0,4.9,0,0,0,0,0.0572958,0,0,0,0,95,0,0,0,0,0,0,63,0,0.00034,0.00034,0,0,0,0,0,0.8,0,0,0,0,0,0,1,0,0,0,0,0,0,0,0,99,0,,0,0,0,0,
21,9.22,0,-24.09,0,0,0,0,0,3.763,8.4125,0,0,5.3,0,0,0,0,0.0572958,0,0,0,0,65,0,0,0,0,0,0,63,0,0.00034,0.00034,0,0,0,0,0,1,0,0,0,0,0,0,1,0,0,0,0,0,0,0,0,99,0,,0,0,0,0,
23,6.05,0,-1.66,0,0,0,0,0,0.1755,6.05,0,0,-6.3,0,0,0,0,0.0572958,0,0,0,0,98,0,0,0,0,0,0,63,0,0.00034,0.00034,0,0,0,0,0,2,0,0,0,0,0,0,1,0,0,0,0,0,0,0,0,98,0,,0,0,0,0,
76,6.32,0,13.61,0,0,0,0,0,-1.487,6.1375,0,0,5.7,0,0,0,0,0.0572958,0,0,0,0,98,0,0,0,0,0,0,63,0,0.00034,0.00034,0,0,0,0,0,6.2,0,0,0,0,0,0,1,0,0,0,0,0,0,0,0,98,0,,0,0,0,0,
115,11.42,0,11.04,0,0,0,0,0,-2.187,11.2125,0,0,-16.1,0,0,0,0,0.0572958,0,0,0,0,65,0,0,0,0,0,0,63,0,0.00034,0.00034,0,0,0,0,0,0.8,0,0,0,0,0,0,1,0,0,0,0,0,0,0,0,99,0,,0,0,0,0,
END,Total:7
START,FrameNb:105,CameraNb:0,HeSaiNb:0,ARS410Nb:0
2026/08/02 16:23:54:579---->
heightOffset:0,1785659034579,1324271,selfCaliBufCnt:0,selfAccObjCnt:0,selfAccAngle:0,installHAngleOffset:0,Interpolation:0,installVAngleOffset:0,radarOffsetH:0,radarOffsetV:0.32,Polynom:-0.001023;-0.0511;-2.047;0;0;0;-0.001023;-0.0511;-2.047;-25.5;0;0,WheelDirection:0;0;0;0,selfAngleOffset:0,selfAngleOffsetPit:0,currCaliAngleHrz:0,currCaliAnglePit:0,selfCaliAngleHrz:0,selfCaliAnglePit:0,servCaliAngleHrz:0,servCaliAnglePit:0,offlineCaliAngleHrz:0,offlineCaliAnglePit:0,determine2useFlag:0,IMU_Z_Accel:0,IMU_X_AngularRate:0,IMU_Y_AngularRate:0,IMU_RollAngle:0,IMU_PitchAngle:0,IMU_YawAngle:0,FcwID:0,FCWWarningLevel:0,FCWTTC:0
14,10.5,-0.08,-49.32,0,0,0,0,0,7.963,6.8375,0,-0.125,22.3,0,0,0,0,0.0572958,0,0,0,0,97,0,0,0,0,0,0,56,0,0.00034,0.00034,0,0,0,0,0,0.8,0,0,0,0,0,0,1,0,0,0,0,0,0,0,0,99,0,,0,0,0,0,
16,16.56,0,17.84,0,0,0,0,0,-5.0745,15.7625,0,0,-17.7,0,0,0,0,0.0572958,0,0,0,0,96,0,0,0,0,0,0,56,0,0.00034,0.00034,0,0,0,0,0,0.8,0,0,0,0,0,0,1,0,0,0,0,0,0,0,0,30,0,,0,0,0,0,
20,6.92,0,-22.3,0,0,0,0,0,2.6255,6.4,0,0,4.9,0,0,0,0,0.0572958,0,0,0,0,95,0,0,0,0,0,0,56,0,0.00034,0.00034,0,0,0,0,0,0.8,0,0,0,0,0,0,1,0,0,0,0,0,0,0,0,99,0,,0,0,0,0,
21,9.22,0,-24.09,0,0,0,0,0,3.763,8.4125,0,0,5.1,0,0,0,0,0.0572958,0,0,0,0,65,0,0,0,0,0,0,56,0,0.00034,0.00034,0,0,0,0,0,1,0,0,0,0,0,0,1,0,0,0,0,0,0,0,0,99,0,,0,0,0,0,
23,6.05,0,-1.66,0,0,0,0,0,0.1755,6.05,0,0,-6.3,0,0,0,0,0.0572958,0,0,0,0,98,0,0,0,0,0,0,56,0,0.00034,0.00034,0,0,0,0,0,2,0,0,0,0,0,0,1,0,0,0,0,0,0,0,0,98,0,,0,0,0,0,
76,6.32,0,13.61,0,0,0,0,0,-1.487,6.1375,0,0,5.7,0,0,0,0,0.0572958,0,0,0,0,98,0,0,0,0,0,0,56,0,0.00034,0.00034,0,0,0,0,0,6.2,0,0,0,0,0,0,1,0,0,0,0,0,0,0,0,98,0,,0,0,0,0,
115,11.42,0,11.04,0,0,0,0,0,-2.187,11.2125,0,0,-16.1,0,0,0,0,0.0572958,0,0,0,0,65,0,0,0,0,0,0,56,0,0.00034,0.00034,0,0,0,0,0,0.8,0,0,0,0,0,0,1,0,0,0,0,0,0,0,0,99,0,,0,0,0,0,
END,Total:7
START,FrameNb:106,CameraNb:0,HeSaiNb:0,ARS410Nb:0
2026/08/02 16:23:54:641---->
heightOffset:0,1785659034641,1324322,selfCaliBufCnt:0,selfAccObjCnt:0,selfAccAngle:0,installHAngleOffset:0,Interpolation:0,installVAngleOffset:0,radarOffsetH:0,radarOffsetV:0.32,Polynom:-0.001023;-0.0511;-2.047;0;0;0;-0.001023;-0.0511;-2.047;-25.5;0;0,WheelDirection:0;0;0;0,selfAngleOffset:0,selfAngleOffsetPit:0,currCaliAngleHrz:0,currCaliAnglePit:0,selfCaliAngleHrz:0,selfCaliAnglePit:0,servCaliAngleHrz:0,servCaliAnglePit:0,offlineCaliAngleHrz:0,offlineCaliAnglePit:0,determine2useFlag:0,IMU_Z_Accel:0,IMU_X_AngularRate:0,IMU_Y_AngularRate:0,IMU_RollAngle:0,IMU_PitchAngle:0,IMU_YawAngle:0,FcwID:0,FCWWarningLevel:0,FCWTTC:0
14,10.5,-0.08,-49.32,0,0,0,0,0,7.963,6.8375,0,-0.125,22.3,0,0,0,0,0.0572958,0,0,0,0,97,0,0,0,0,0,0,58,0,0.00034,0.00034,0,0,0,0,0,0.8,0,0,0,0,0,0,1,0,0,0,0,0,0,0,0,99,0,,0,0,0,0,
16,16.56,0,17.84,0,0,0,0,0,-5.0745,15.7625,0,0,-17.7,0,0,0,0,0.0572958,0,0,0,0,96,0,0,0,0,0,0,58,0,0.00034,0.00034,0,0,0,0,0,0.8,0,0,0,0,0,0,1,0,0,0,0,0,0,0,0,30,0,,0,0,0,0,
20,6.92,0,-22.3,0,0,0,0,0,2.6255,6.4,0,0,4.9,0,0,0,0,0.0572958,0,0,0,0,95,0,0,0,0,0,0,58,0,0.00034,0.00034,0,0,0,0,0,0.8,0,0,0,0,0,0,1,0,0,0,0,0,0,0,0,99,0,,0,0,0,0,
21,9.22,0,-24.09,0,0,0,0,0,3.763,8.4125,0,0,5.1,0,0,0,0,0.0572958,0,0,0,0,65,0,0,0,0,0,0,58,0,0.00034,0.00034,0,0,0,0,0,1,0,0,0,0,0,0,1,0,0,0,0,0,0,0,0,99,0,,0,0,0,0,
23,6.05,0,-1.66,0,0,0,0,0,0.1755,6.05,0,0,-6.3,0,0,0,0,0.0572958,0,0,0,0,98,0,0,0,0,0,0,58,0,0.00034,0.00034,0,0,0,0,0,2,0,0,0,0,0,0,1,0,0,0,0,0,0,0,0,98,0,,0,0,0,0,
76,6.32,0,13.61,0,0,0,0,0,-1.487,6.1375,0,0,5.7,0,0,0,0,0.0572958,0,0,0,0,98,0,0,0,0,0,0,58,0,0.00034,0.00034,0,0,0,0,0,6.2,0,0,0,0,0,0,1,0,0,0,0,0,0,0,0,98,0,,0,0,0,0,
115,11.42,0,11.04,0,0,0,0,0,-2.187,11.2125,0,0,-16.1,0,0,0,0,0.0572958,0,0,0,0,65,0,0,0,0,0,0,58,0,0.00034,0.00034,0,0,0,0,0,0.8,0,0,0,0,0,0,1,0,0,0,0,0,0,0,0,99,0,,0,0,0,0,
END,Total:7
START,FrameNb:107,CameraNb:0,HeSaiNb:0,ARS410Nb:0
2026/08/02 16:23:54:703---->
heightOffset:0,1785659034703,1324371,selfCaliBufCnt:0,selfAccObjCnt:0,selfAccAngle:0,installHAngleOffset:0,Interpolation:0,installVAngleOffset:0,radarOffsetH:0,radarOffsetV:0.32,Polynom:-0.001023;-0.0511;-2.047;0;0;0;-0.001023;-0.0511;-2.047;-25.5;0;0,WheelDirection:0;0;0;0,selfAngleOffset:0,selfAngleOffsetPit:0,currCaliAngleHrz:0,currCaliAnglePit:0,selfCaliAngleHrz:0,selfCaliAnglePit:0,servCaliAngleHrz:0,servCaliAnglePit:0,offlineCaliAngleHrz:0,offlineCaliAnglePit:0,determine2useFlag:0,IMU_Z_Accel:0,IMU_X_AngularRate:0,IMU_Y_AngularRate:0,IMU_RollAngle:0,IMU_PitchAngle:0,IMU_YawAngle:0,FcwID:0,FCWWarningLevel:0,FCWTTC:0
14,10.5,-0.08,-49.32,0,0,0,0,0,7.963,6.8375,0,-0.125,22.3,0,0,0,0,0.0572958,0,0,0,0,97,0,0,0,0,0,0,58,0,0.00034,0.00034,0,0,0,0,0,0.8,0,0,0,0,0,0,1,0,0,0,0,0,0,0,0,99,0,,0,0,0,0,
16,16.56,0,17.84,0,0,0,0,0,-5.0745,15.7625,0,0,-17.7,0,0,0,0,0.0572958,0,0,0,0,96,0,0,0,0,0,0,58,0,0.00034,0.00034,0,0,0,0,0,0.8,0,0,0,0,0,0,1,0,0,0,0,0,0,0,0,30,0,,0,0,0,0,
20,6.92,0,-22.3,0,0,0,0,0,2.6255,6.4,0,0,4.9,0,0,0,0,0.0572958,0,0,0,0,95,0,0,0,0,0,0,58,0,0.00034,0.00034,0,0,0,0,0,0.8,0,0,0,0,0,0,1,0,0,0,0,0,0,0,0,99,0,,0,0,0,0,
21,9.22,0,-24.09,0,0,0,0,0,3.763,8.4125,0,0,5.1,0,0,0,0,0.0572958,0,0,0,0,65,0,0,0,0,0,0,58,0,0.00034,0.00034,0,0,0,0,0,1,0,0,0,0,0,0,1,0,0,0,0,0,0,0,0,99,0,,0,0,0,0,
23,6.05,0,-1.66,0,0,0,0,0,0.1755,6.05,0,0,-6.3,0,0,0,0,0.0572958,0,0,0,0,98,0,0,0,0,0,0,58,0,0.00034,0.00034,0,0,0,0,0,2,0,0,0,0,0,0,1,0,0,0,0,0,0,0,0,98,0,,0,0,0,0,
76,6.32,0,13.61,0,0,0,0,0,-1.487,6.1375,0,0,5.7,0,0,0,0,0.0572958,0,0,0,0,98,0,0,0,0,0,0,58,0,0.00034,0.00034,0,0,0,0,0,6.2,0,0,0,0,0,0,1,0,0,0,0,0,0,0,0,98,0,,0,0,0,0,
115,11.42,-0.12,11.04,0,0,0,0,0,-2.187,11.2125,0,-0.125,-16.1,0,0,0,0,0.0572958,0,0,0,0,65,0,0,0,0,0,0,58,0,0.00034,0.00034,0,0,0,0,0,0.8,0,0,0,0,0,0,1,0,0,0,0,0,0,0,0,99,0,,0,0,0,0,
END,Total:7
START,FrameNb:108,CameraNb:0,HeSaiNb:0,ARS410Nb:0
2026/08/02 16:23:54:734---->
heightOffset:0,1785659034734,1324422,selfCaliBufCnt:0,selfAccObjCnt:0,selfAccAngle:0,installHAngleOffset:0,Interpolation:0,installVAngleOffset:0,radarOffsetH:0,radarOffsetV:0.32,Polynom:-0.001023;-0.0511;-2.047;0;0;0;-0.001023;-0.0511;-2.047;-25.5;0;0,WheelDirection:0;0;0;0,selfAngleOffset:0,selfAngleOffsetPit:0,currCaliAngleHrz:0,currCaliAnglePit:0,selfCaliAngleHrz:0,selfCaliAnglePit:0,servCaliAngleHrz:0,servCaliAnglePit:0,offlineCaliAngleHrz:0,offlineCaliAnglePit:0,determine2useFlag:0,IMU_Z_Accel:0,IMU_X_AngularRate:0,IMU_Y_AngularRate:0,IMU_RollAngle:0,IMU_PitchAngle:0,IMU_YawAngle:0,FcwID:0,FCWWarningLevel:0,FCWTTC:0
14,10.5,-0.08,-49.32,0,0,0,0,0,7.963,6.8375,0,-0.125,22.3,0,0,0,0,0.0572958,0,0,0,0,97,0,0,0,0,0,0,54,0,0.00034,0.00034,0,0,0,0,0,0.8,0,0,0,0,0,0,1,0,0,0,0,0,0,0,0,99,0,,0,0,0,0,
16,16.56,0,17.84,0,0,0,0,0,-5.0745,15.7625,0,0,-17.7,0,0,0,0,0.0572958,0,0,0,0,96,0,0,0,0,0,0,54,0,0.00034,0.00034,0,0,0,0,0,0.8,0,0,0,0,0,0,1,0,0,0,0,0,0,0,0,30,0,,0,0,0,0,
20,6.92,0,-22.3,0,0,0,0,0,2.6255,6.4,0,0,4.9,0,0,0,0,0.0572958,0,0,0,0,95,0,0,0,0,0,0,54,0,0.00034,0.00034,0,0,0,0,0,0.8,0,0,0,0,0,0,1,0,0,0,0,0,0,0,0,99,0,,0,0,0,0,
21,9.22,0,-24.09,0,0,0,0,0,3.763,8.4125,0,0,5.1,0,0,0,0,0.0572958,0,0,0,0,65,0,0,0,0,0,0,54,0,0.00034,0.00034,0,0,0,0,0,1,0,0,0,0,0,0,1,0,0,0,0,0,0,0,0,99,0,,0,0,0,0,
23,6.05,0,-1.66,0,0,0,0,0,0.1755,6.05,0,0,-6.3,0,0,0,0,0.0572958,0,0,0,0,98,0,0,0,0,0,0,54,0,0.00034,0.00034,0,0,0,0,0,2,0,0,0,0,0,0,1,0,0,0,0,0,0,0,0,98,0,,0,0,0,0,
76,6.32,0,13.61,0,0,0,0,0,-1.487,6.1375,0,0,5.7,0,0,0,0,0.0572958,0,0,0,0,98,0,0,0,0,0,0,54,0,0.00034,0.00034,0,0,0,0,0,6.2,0,0,0,0,0,0,1,0,0,0,0,0,0,0,0,98,0,,0,0,0,0,
115,11.42,-0.12,11.04,0,0,0,0,0,-2.187,11.2125,0,-0.125,-16.1,0,0,0,0,0.0572958,0,0,0,0,65,0,0,0,0,0,0,54,0,0.00034,0.00034,0,0,0,0,0,0.8,0,0,0,0,0,0,1,0,0,0,0,0,0,0,0,99,0,,0,0,0,0,
END,Total:7
START,FrameNb:109,CameraNb:0,HeSaiNb:0,ARS410Nb:0
2026/08/02 16:23:54:791---->
heightOffset:0,1785659034791,1324472,selfCaliBufCnt:0,selfAccObjCnt:0,selfAccAngle:0,installHAngleOffset:0,Interpolation:0,installVAngleOffset:0,radarOffsetH:0,radarOffsetV:0.32,Polynom:-0.001023;-0.0511;-2.047;0;0;0;-0.001023;-0.0511;-2.047;-25.5;0;0,WheelDirection:0;0;0;0,selfAngleOffset:0,selfAngleOffsetPit:0,currCaliAngleHrz:0,currCaliAnglePit:0,selfCaliAngleHrz:0,selfCaliAnglePit:0,servCaliAngleHrz:0,servCaliAnglePit:0,offlineCaliAngleHrz:0,offlineCaliAnglePit:0,determine2useFlag:0,IMU_Z_Accel:0,IMU_X_AngularRate:0,IMU_Y_AngularRate:0,IMU_RollAngle:0,IMU_PitchAngle:0,IMU_YawAngle:0,FcwID:0,FCWWarningLevel:0,FCWTTC:0
14,10.5,-0.08,-49.32,0,0,0,0,0,7.963,6.8375,0,-0.125,22.3,0,0,0,0,0.0572958,0,0,0,0,97,0,0,0,0,0,0,58,0,0.00034,0.00034,0,0,0,0,0,0.8,0,0,0,0,0,0,1,0,0,0,0,0,0,0,0,99,0,,0,0,0,0,
16,16.56,0,17.84,0,0,0,0,0,-5.0745,15.7625,0,0,-17.7,0,0,0,0,0.0572958,0,0,0,0,96,0,0,0,0,0,0,58,0,0.00034,0.00034,0,0,0,0,0,0.8,0,0,0,0,0,0,1,0,0,0,0,0,0,0,0,30,0,,0,0,0,0,
20,6.92,0,-22.3,0,0,0,0,0,2.6255,6.4,0,0,4.9,0,0,0,0,0.0572958,0,0,0,0,95,0,0,0,0,0,0,58,0,0.00034,0.00034,0,0,0,0,0,0.8,0,0,0,0,0,0,1,0,0,0,0,0,0,0,0,99,0,,0,0,0,0,
21,9.22,0,-24.09,0,0,0,0,0,3.763,8.4125,0,0,5.1,0,0,0,0,0.0572958,0,0,0,0,65,0,0,0,0,0,0,58,0,0.00034,0.00034,0,0,0,0,0,0.8,0,0,0,0,0,0,1,0,0,0,0,0,0,0,0,99,0,,0,0,0,0,
23,6.05,0,-1.66,0,0,0,0,0,0.1755,6.05,0,0,-6.3,0,0,0,0,0.0572958,0,0,0,0,98,0,0,0,0,0,0,58,0,0.00034,0.00034,0,0,0,0,0,2,0,0,0,0,0,0,1,0,0,0,0,0,0,0,0,98,0,,0,0,0,0,
76,6.32,0,13.61,0,0,0,0,0,-1.487,6.1375,0,0,5.7,0,0,0,0,0.0572958,0,0,0,0,98,0,0,0,0,0,0,58,0,0.00034,0.00034,0,0,0,0,0,6.2,0,0,0,0,0,0,1,0,0,0,0,0,0,0,0,98,0,,0,0,0,0,
115,11.42,-0.12,11.04,0,0,0,0,0,-2.187,11.2125,0,-0.125,-16.1,0,0,0,0,0.0572958,0,0,0,0,65,0,0,0,0,0,0,58,0,0.00034,0.00034,0,0,0,0,0,0.8,0,0,0,0,0,0,1,0,0,0,0,0,0,0,0,99,0,,0,0,0,0,
END,Total:7
START,FrameNb:110,CameraNb:0,HeSaiNb:0,ARS410Nb:0
2026/08/02 16:23:54:830---->
heightOffset:0,1785659034830,1324521,selfCaliBufCnt:0,selfAccObjCnt:0,selfAccAngle:0,installHAngleOffset:0,Interpolation:0,installVAngleOffset:0,radarOffsetH:0,radarOffsetV:0.32,Polynom:-0.001023;-0.0511;-2.047;0;0;0;-0.001023;-0.0511;-2.047;-25.5;0;0,WheelDirection:0;0;0;0,selfAngleOffset:0,selfAngleOffsetPit:0,currCaliAngleHrz:0,currCaliAnglePit:0,selfCaliAngleHrz:0,selfCaliAnglePit:0,servCaliAngleHrz:0,servCaliAnglePit:0,offlineCaliAngleHrz:0,offlineCaliAnglePit:0,determine2useFlag:0,IMU_Z_Accel:0,IMU_X_AngularRate:0,IMU_Y_AngularRate:0,IMU_RollAngle:0,IMU_PitchAngle:0,IMU_YawAngle:0,FcwID:0,FCWWarningLevel:0,FCWTTC:0
14,10.5,-0.08,-49.32,0,0,0,0,0,7.963,6.8375,0,-0.125,22.3,0,0,0,0,0.0572958,0,0,0,0,97,0,0,0,0,0,0,54,0,0.00034,0.00034,0,0,0,0,0,0.8,0,0,0,0,0,0,1,0,0,0,0,0,0,0,0,99,0,,0,0,0,0,
16,16.56,0,17.84,0,0,0,0,0,-5.0745,15.7625,-0.125,0,-17.7,0,0,0,0,0.0572958,0,0,0,0,96,0,0,0,0,0,0,54,0,0.00034,0.00034,0,0,0,0,0,0.8,0,0,0,0,0,0,1,0,0,0,0,0,0,0,0,30,0,,0,0,0,0,
20,6.92,0,-22.3,0,0,0,0,0,2.6255,6.4,0,0,4.9,0,0,0,0,0.0572958,0,0,0,0,95,0,0,0,0,0,0,54,0,0.00034,0.00034,0,0,0,0,0,0.8,0,0,0,0,0,0,1,0,0,0,0,0,0,0,0,99,0,,0,0,0,0,
21,9.22,0,-24.09,0,0,0,0,0,3.763,8.4125,0,0,5.1,0,0,0,0,0.0572958,0,0,0,0,65,0,0,0,0,0,0,54,0,0.00034,0.00034,0,0,0,0,0,0.8,0,0,0,0,0,0,1,0,0,0,0,0,0,0,0,99,0,,0,0,0,0,
23,6.05,0,-1.66,0,0,0,0,0,0.1755,6.05,0,0,-6.3,0,0,0,0,0.0572958,0,0,0,0,98,0,0,0,0,0,0,54,0,0.00034,0.00034,0,0,0,0,0,2,0,0,0,0,0,0,1,0,0,0,0,0,0,0,0,98,0,,0,0,0,0,
76,6.32,0,13.61,0,0,0,0,0,-1.487,6.1375,0,0,5.7,0,0,0,0,0.0572958,0,0,0,0,98,0,0,0,0,0,0,54,0,0.00034,0.00034,0,0,0,0,0,6.2,0,0,0,0,0,0,1,0,0,0,0,0,0,0,0,98,0,,0,0,0,0,
115,11.42,-0.12,11.04,0,0,0,0,0,-2.187,11.2125,0,-0.125,-16.1,0,0,0,0,0.0572958,0,0,0,0,65,0,0,0,0,0,0,54,0,0.00034,0.00034,0,0,0,0,0,0.8,0,0,0,0,0,0,1,0,0,0,0,0,0,0,0,99,0,,0,0,0,0,
END,Total:7
START,FrameNb:111,CameraNb:0,HeSaiNb:0,ARS410Nb:0
2026/08/02 16:23:54:891---->
heightOffset:0,1785659034891,1324571,selfCaliBufCnt:0,selfAccObjCnt:0,selfAccAngle:0,installHAngleOffset:0,Interpolation:0,installVAngleOffset:0,radarOffsetH:0,radarOffsetV:0.32,Polynom:-0.001023;-0.0511;-2.047;0;0;0;-0.001023;-0.0511;-2.047;-25.5;0;0,WheelDirection:0;0;0;0,selfAngleOffset:0,selfAngleOffsetPit:0,currCaliAngleHrz:0,currCaliAnglePit:0,selfCaliAngleHrz:0,selfCaliAnglePit:0,servCaliAngleHrz:0,servCaliAnglePit:0,offlineCaliAngleHrz:0,offlineCaliAnglePit:0,determine2useFlag:0,IMU_Z_Accel:0,IMU_X_AngularRate:0,IMU_Y_AngularRate:0,IMU_RollAngle:0,IMU_PitchAngle:0,IMU_YawAngle:0,FcwID:0,FCWWarningLevel:0,FCWTTC:0
16,16.56,-0.12,17.84,0,0,0,0,0,-5.0745,15.7625,-0.125,-0.125,-17.9,0,0,0,0,0.0572958,0,0,0,0,96,0,0,0,0,0,0,62,0,0.00034,0.00034,0,0,0,0,0,0.8,0,0,0,0,0,0,1,0,0,0,0,0,0,0,0,30,0,,0,0,0,0,
20,6.92,0,-22.3,0,0,0,0,0,2.6255,6.4,0,0,4.9,0,0,0,0,0.0572958,0,0,0,0,95,0,0,0,0,0,0,62,0,0.00034,0.00034,0,0,0,0,0,0.8,0,0,0,0,0,0,1,0,0,0,0,0,0,0,0,99,0,,0,0,0,0,
21,9.22,0,-24.09,0,0,0,0,0,3.763,8.4125,0,0,5.1,0,0,0,0,0.0572958,0,0,0,0,65,0,0,0,0,0,0,62,0,0.00034,0.00034,0,0,0,0,0,0.8,0,0,0,0,0,0,1,0,0,0,0,0,0,0,0,99,0,,0,0,0,0,
23,6.05,0,-1.66,0,0,0,0,0,0.1755,6.05,0,0,-6.3,0,0,0,0,0.0572958,0,0,0,0,98,0,0,0,0,0,0,62,0,0.00034,0.00034,0,0,0,0,0,2,0,0,0,0,0,0,1,0,0,0,0,0,0,0,0,98,0,,0,0,0,0,
76,6.32,0,13.61,0,0,0,0,0,-1.487,6.1375,0,0,5.7,0,0,0,0,0.0572958,0,0,0,0,98,0,0,0,0,0,0,62,0,0.00034,0.00034,0,0,0,0,0,6.2,0,0,0,0,0,0,1,0,0,0,0,0,0,0,0,98,0,,0,0,0,0,
115,11.42,-0.12,11.04,0,0,0,0,0,-2.187,11.2125,0,-0.125,-16.1,0,0,0,0,0.0572958,0,0,0,0,65,0,0,0,0,0,0,62,0,0.00034,0.00034,0,0,0,0,0,0.8,0,0,0,0,0,0,1,0,0,0,0,0,0,0,0,99,0,,0,0,0,0,
END,Total:6
START,FrameNb:112,CameraNb:0,HeSaiNb:0,ARS410Nb:0
2026/08/02 16:23:54:951---->
heightOffset:0,1785659034951,1324621,selfCaliBufCnt:0,selfAccObjCnt:0,selfAccAngle:0,installHAngleOffset:0,Interpolation:0,installVAngleOffset:0,radarOffsetH:0,radarOffsetV:0.32,Polynom:-0.001023;-0.0511;-2.047;0;0;0;-0.001023;-0.0511;-2.047;-25.5;0;0,WheelDirection:0;0;0;0,selfAngleOffset:0,selfAngleOffsetPit:0,currCaliAngleHrz:0,currCaliAnglePit:0,selfCaliAngleHrz:0,selfCaliAnglePit:0,servCaliAngleHrz:0,servCaliAnglePit:0,offlineCaliAngleHrz:0,offlineCaliAnglePit:0,determine2useFlag:0,IMU_Z_Accel:0,IMU_X_AngularRate:0,IMU_Y_AngularRate:0,IMU_RollAngle:0,IMU_PitchAngle:0,IMU_YawAngle:0,FcwID:0,FCWWarningLevel:0,FCWTTC:0
16,16.56,-0.12,17.84,0,0,0,0,0,-5.0745,15.7625,-0.125,-0.125,-17.9,0,0,0,0,0.0572958,0,0,0,0,96,0,0,0,0,0,0,59,0,0.00034,0.00034,0,0,0,0,0,0.8,0,0,0,0,0,0,1,0,0,0,0,0,0,0,0,30,0,,0,0,0,0,
20,6.92,0,-22.3,0,0,0,0,0,2.6255,6.4,0,0,4.9,0,0,0,0,0.0572958,0,0,0,0,95,0,0,0,0,0,0,59,0,0.00034,0.00034,0,0,0,0,0,0.8,0,0,0,0,0,0,1,0,0,0,0,0,0,0,0,99,0,,0,0,0,0,
21,9.22,0,-24.09,0,0,0,0,0,3.763,8.4125,0,0,5.1,0,0,0,0,0.0572958,0,0,0,0,65,0,0,0,0,0,0,59,0,0.00034,0.00034,0,0,0,0,0,0.8,0,0,0,0,0,0,1,0,0,0,0,0,0,0,0,99,0,,0,0,0,0,
23,6.05,0,-1.66,0,0,0,0,0,0.1755,6.05,0,0,-6.3,0,0,0,0,0.0572958,0,0,0,0,98,0,0,0,0,0,0,59,0,0.00034,0.00034,0,0,0,0,0,2,0,0,0,0,0,0,1,0,0,0,0,0,0,0,0,98,0,,0,0,0,0,
76,6.32,0,13.61,0,0,0,0,0,-1.487,6.1375,0,0,5.7,0,0,0,0,0.0572958,0,0,0,0,98,0,0,0,0,0,0,59,0,0.00034,0.00034,0,0,0,0,0,6.2,0,0,0,0,0,0,1,0,0,0,0,0,0,0,0,98,0,,0,0,0,0,
115,11.42,-0.12,11.04,0,0,0,0,0,-2.187,11.2125,0,-0.125,-16.1,0,0,0,0,0.0572958,0,0,0,0,65,0,0,0,0,0,0,59,0,0.00034,0.00034,0,0,0,0,0,0.8,0,0,0,0,0,0,1,0,0,0,0,0,0,0,0,99,0,,0,0,0,0,
END,Total:6
START,FrameNb:113,CameraNb:0,HeSaiNb:0,ARS410Nb:0
2026/08/02 16:23:54:981---->
heightOffset:0,1785659034981,1324671,selfCaliBufCnt:0,selfAccObjCnt:0,selfAccAngle:0,installHAngleOffset:0,Interpolation:0,installVAngleOffset:0,radarOffsetH:0,radarOffsetV:0.32,Polynom:-0.001023;-0.0511;-2.047;0;0;0;-0.001023;-0.0511;-2.047;-25.5;0;0,WheelDirection:0;0;0;0,selfAngleOffset:0,selfAngleOffsetPit:0,currCaliAngleHrz:0,currCaliAnglePit:0,selfCaliAngleHrz:0,selfCaliAnglePit:0,servCaliAngleHrz:0,servCaliAnglePit:0,offlineCaliAngleHrz:0,offlineCaliAnglePit:0,determine2useFlag:0,IMU_Z_Accel:0,IMU_X_AngularRate:0,IMU_Y_AngularRate:0,IMU_RollAngle:0,IMU_PitchAngle:0,IMU_YawAngle:0,FcwID:0,FCWWarningLevel:0,FCWTTC:0
16,16.56,-0.12,17.84,0,0,0,0,0,-5.0745,15.7625,-0.125,-0.125,-17.9,0,0,0,0,0.0572958,0,0,0,0,96,0,0,0,0,0,0,58,0,0.00034,0.00034,0,0,0,0,0,0.8,0,0,0,0,0,0,1,0,0,0,0,0,0,0,0,30,0,,0,0,0,0,
20,6.92,0,-22.3,0,0,0,0,0,2.6255,6.4,0,0,4.9,0,0,0,0,0.0572958,0,0,0,0,95,0,0,0,0,0,0,58,0,0.00034,0.00034,0,0,0,0,0,0.8,0,0,0,0,0,0,1,0,0,0,0,0,0,0,0,99,0,,0,0,0,0,
21,9.22,0,-24.09,0,0,0,0,0,3.763,8.4125,0,0,5.1,0,0,0,0,0.0572958,0,0,0,0,96,0,0,0,0,0,0,58,0,0.00034,0.00034,0,0,0,0,0,0.8,0,0,0,0,0,0,1,0,0,0,0,0,0,0,0,99,0,,0,0,0,0,
23,6.05,0,-1.66,0,0,0,0,0,0.1755,6.05,0,0,-6.3,0,0,0,0,0.0572958,0,0,0,0,98,0,0,0,0,0,0,58,0,0.00034,0.00034,0,0,0,0,0,2,0,0,0,0,0,0,1,0,0,0,0,0,0,0,0,98,0,,0,0,0,0,
76,6.32,0,13.61,0,0,0,0,0,-1.487,6.1375,0,0,5.7,0,0,0,0,0.0572958,0,0,0,0,98,0,0,0,0,0,0,58,0,0.00034,0.00034,0,0,0,0,0,6.2,0,0,0,0,0,0,1,0,0,0,0,0,0,0,0,98,0,,0,0,0,0,
115,11.42,-0.12,11.04,0,0,0,0,0,-2.187,11.2125,0,-0.125,-16.1,0,0,0,0,0.0572958,0,0,0,0,65,0,0,0,0,0,0,58,0,0.00034,0.00034,0,0,0,0,0,0.8,0,0,0,0,0,0,1,0,0,0,0,0,0,0,0,99,0,,0,0,0,0,
END,Total:6
START,FrameNb:114,CameraNb:0,HeSaiNb:0,ARS410Nb:0
2026/08/02 16:23:55:034---->
heightOffset:0,1785659035034,1324722,selfCaliBufCnt:0,selfAccObjCnt:0,selfAccAngle:0,installHAngleOffset:0,Interpolation:0,installVAngleOffset:0,radarOffsetH:0,radarOffsetV:0.32,Polynom:-0.001023;-0.0511;-2.047;0;0;0;-0.001023;-0.0511;-2.047;-25.5;0;0,WheelDirection:0;0;0;0,selfAngleOffset:0,selfAngleOffsetPit:0,currCaliAngleHrz:0,currCaliAnglePit:0,selfCaliAngleHrz:0,selfCaliAnglePit:0,servCaliAngleHrz:0,servCaliAnglePit:0,offlineCaliAngleHrz:0,offlineCaliAnglePit:0,determine2useFlag:0,IMU_Z_Accel:0,IMU_X_AngularRate:0,IMU_Y_AngularRate:0,IMU_RollAngle:0,IMU_PitchAngle:0,IMU_YawAngle:0,FcwID:0,FCWWarningLevel:0,FCWTTC:0
16,16.56,-0.12,17.84,0,0,0,0,0,-5.0745,15.7625,-0.125,-0.125,-17.9,0,0,0,0,0.0572958,0,0,0,0,96,0,0,0,0,0,0,55,0,0.00034,0.00034,0,0,0,0,0,0.8,0,0,0,0,0,0,1,0,0,0,0,0,0,0,0,30,0,,0,0,0,0,
20,6.92,0,-22.3,0,0,0,0,0,2.6255,6.4,0,0,4.9,0,0,0,0,0.0572958,0,0,0,0,95,0,0,0,0,0,0,55,0,0.00034,0.00034,0,0,0,0,0,0.8,0,0,0,0,0,0,1,0,0,0,0,0,0,0,0,99,0,,0,0,0,0,
21,9.22,0,-24.09,0,0,0,0,0,3.763,8.4125,0,0,5.1,0,0,0,0,0.0572958,0,0,0,0,96,0,0,0,0,0,0,55,0,0.00034,0.00034,0,0,0,0,0,0.8,0,0,0,0,0,0,1,0,0,0,0,0,0,0,0,99,0,,0,0,0,0,
23,6.05,0,-1.66,0,0,0,0,0,0.1755,6.05,0,0,-6.3,0,0,0,0,0.0572958,0,0,0,0,98,0,0,0,0,0,0,55,0,0.00034,0.00034,0,0,0,0,0,2,0,0,0,0,0,0,1,0,0,0,0,0,0,0,0,98,0,,0,0,0,0,
76,6.32,0,13.61,0,0,0,0,0,-1.487,6.1375,0,0,5.7,0,0,0,0,0.0572958,0,0,0,0,98,0,0,0,0,0,0,55,0,0.00034,0.00034,0,0,0,0,0,6.2,0,0,0,0,0,0,1,0,0,0,0,0,0,0,0,98,0,,0,0,0,0,
115,11.42,-0.12,11.04,0,0,0,0,0,-2.187,11.2125,0,-0.125,-16.1,0,0,0,0,0.0572958,0,0,0,0,65,0,0,0,0,0,0,55,0,0.00034,0.00034,0,0,0,0,0,0.8,0,0,0,0,0,0,1,0,0,0,0,0,0,0,0,99,0,,0,0,0,0,
END,Total:6
START,FrameNb:115,CameraNb:0,HeSaiNb:0,ARS410Nb:0
2026/08/02 16:23:55:099---->
heightOffset:0,1785659035099,1324771,selfCaliBufCnt:0,selfAccObjCnt:0,selfAccAngle:0,installHAngleOffset:0,Interpolation:0,installVAngleOffset:0,radarOffsetH:0,radarOffsetV:0.32,Polynom:-0.001023;-0.0511;-2.047;0;0;0;-0.001023;-0.0511;-2.047;-25.5;0;0,WheelDirection:0;0;0;0,selfAngleOffset:0,selfAngleOffsetPit:0,currCaliAngleHrz:0,currCaliAnglePit:0,selfCaliAngleHrz:0,selfCaliAnglePit:0,servCaliAngleHrz:0,servCaliAnglePit:0,offlineCaliAngleHrz:0,offlineCaliAnglePit:0,determine2useFlag:0,IMU_Z_Accel:0,IMU_X_AngularRate:0,IMU_Y_AngularRate:0,IMU_RollAngle:0,IMU_PitchAngle:0,IMU_YawAngle:0,FcwID:0,FCWWarningLevel:0,FCWTTC:0
16,16.56,-0.12,17.84,0,0,0,0,0,-5.0745,15.7625,-0.125,-0.125,-17.9,0,0,0,0,0.0572958,0,0,0,0,96,0,0,0,0,0,0,55,0,0.00034,0.00034,0,0,0,0,0,0.8,0,0,0,0,0,0,1,0,0,0,0,0,0,0,0,30,0,,0,0,0,0,
20,6.92,0,-22.3,0,0,0,0,0,2.6255,6.4,0,0,4.9,0,0,0,0,0.0572958,0,0,0,0,95,0,0,0,0,0,0,55,0,0.00034,0.00034,0,0,0,0,0,0.8,0,0,0,0,0,0,1,0,0,0,0,0,0,0,0,99,0,,0,0,0,0,
21,9.22,0,-24.09,0,0,0,0,0,3.763,8.4125,0,0,5.1,0,0,0,0,0.0572958,0,0,0,0,96,0,0,0,0,0,0,55,0,0.00034,0.00034,0,0,0,0,0,0.8,0,0,0,0,0,0,1,0,0,0,0,0,0,0,0,99,0,,0,0,0,0,
23,6.05,0,-1.66,0,0,0,0,0,0.1755,6.05,0,0,-6.3,0,0,0,0,0.0572958,0,0,0,0,98,0,0,0,0,0,0,55,0,0.00034,0.00034,0,0,0,0,0,2,0,0,0,0,0,0,1,0,0,0,0,0,0,0,0,98,0,,0,0,0,0,
76,6.32,0,13.61,0,0,0,0,0,-1.487,6.1375,0,0,5.7,0,0,0,0,0.0572958,0,0,0,0,98,0,0,0,0,0,0,55,0,0.00034,0.00034,0,0,0,0,0,6.2,0,0,0,0,0,0,1,0,0,0,0,0,0,0,0,98,0,,0,0,0,0,
115,11.42,-0.12,11.04,0,0,0,0,0,-2.187,11.2125,0,-0.125,-16.1,0,0,0,0,0.0572958,0,0,0,0,65,0,0,0,0,0,0,55,0,0.00034,0.00034,0,0,0,0,0,0.8,0,0,0,0,0,0,1,0,0,0,0,0,0,0,0,99,0,,0,0,0,0,
END,Total:6
START,FrameNb:116,CameraNb:0,HeSaiNb:0,ARS410Nb:0
2026/08/02 16:23:55:140---->
heightOffset:0,1785659035140,1324822,selfCaliBufCnt:0,selfAccObjCnt:0,selfAccAngle:0,installHAngleOffset:0,Interpolation:0,installVAngleOffset:0,radarOffsetH:0,radarOffsetV:0.32,Polynom:-0.001023;-0.0511;-2.047;0;0;0;-0.001023;-0.0511;-2.047;-25.5;0;0,WheelDirection:0;0;0;0,selfAngleOffset:0,selfAngleOffsetPit:0,currCaliAngleHrz:0,currCaliAnglePit:0,selfCaliAngleHrz:0,selfCaliAnglePit:0,servCaliAngleHrz:0,servCaliAnglePit:0,offlineCaliAngleHrz:0,offlineCaliAnglePit:0,determine2useFlag:0,IMU_Z_Accel:0,IMU_X_AngularRate:0,IMU_Y_AngularRate:0,IMU_RollAngle:0,IMU_PitchAngle:0,IMU_YawAngle:0,FcwID:0,FCWWarningLevel:0,FCWTTC:0
16,16.56,-0.12,17.84,0,0,0,0,0,-5.0745,15.7625,-0.125,-0.125,-17.9,0,0,0,0,0.0572958,0,0,0,0,96,0,0,0,0,0,0,57,0,0.00034,0.00034,0,0,0,0,0,0.8,0,0,0,0,0,0,1,0,0,0,0,0,0,0,0,30,0,,0,0,0,0,
20,6.92,0,-22.3,0,0,0,0,0,2.6255,6.4,0,0,4.9,0,0,0,0,0.0572958,0,0,0,0,95,0,0,0,0,0,0,57,0,0.00034,0.00034,0,0,0,0,0,0.8,0,0,0,0,0,0,1,0,0,0,0,0,0,0,0,99,0,,0,0,0,0,
21,9.22,0,-24.09,0,0,0,0,0,3.763,8.4125,0,0,5.1,0,0,0,0,0.0572958,0,0,0,0,96,0,0,0,0,0,0,57,0,0.00034,0.00034,0,0,0,0,0,0.8,0,0,0,0,0,0,1,0,0,0,0,0,0,0,0,99,0,,0,0,0,0,
23,6.05,0,-1.66,0,0,0,0,0,0.1755,6.05,0,0,-6.3,0,0,0,0,0.0572958,0,0,0,0,98,0,0,0,0,0,0,57,0,0.00034,0.00034,0,0,0,0,0,2,0,0,0,0,0,0,1,0,0,0,0,0,0,0,0,98,0,,0,0,0,0,
76,6.32,0,13.61,0,0,0,0,0,-1.487,6.1375,0,0,5.7,0,0,0,0,0.0572958,0,0,0,0,98,0,0,0,0,0,0,57,0,0.00034,0.00034,0,0,0,0,0,6.2,0,0,0,0,0,0,1,0,0,0,0,0,0,0,0,98,0,,0,0,0,0,
115,11.42,0,11.04,0,0,0,0,0,-2.187,11.2125,0,0,-16.1,0,0,0,0,0.0572958,0,0,0,0,65,0,0,0,0,0,0,57,0,0.00034,0.00034,0,0,0,0,0,0.8,0,0,0,0,0,0,1,0,0,0,0,0,0,0,0,99,0,,0,0,0,0,
END,Total:6
START,FrameNb:117,CameraNb:0,HeSaiNb:0,ARS410Nb:0
2026/08/02 16:23:55:204---->
heightOffset:0,1785659035204,1324871,selfCaliBufCnt:0,selfAccObjCnt:0,selfAccAngle:0,installHAngleOffset:0,Interpolation:0,installVAngleOffset:0,radarOffsetH:0,radarOffsetV:0.32,Polynom:-0.001023;-0.0511;-2.047;0;0;0;-0.001023;-0.0511;-2.047;-25.5;0;0,WheelDirection:0;0;0;0,selfAngleOffset:0,selfAngleOffsetPit:0,currCaliAngleHrz:0,currCaliAnglePit:0,selfCaliAngleHrz:0,selfCaliAnglePit:0,servCaliAngleHrz:0,servCaliAnglePit:0,offlineCaliAngleHrz:0,offlineCaliAnglePit:0,determine2useFlag:0,IMU_Z_Accel:0,IMU_X_AngularRate:0,IMU_Y_AngularRate:0,IMU_RollAngle:0,IMU_PitchAngle:0,IMU_YawAngle:0,FcwID:0,FCWWarningLevel:0,FCWTTC:0
16,16.56,-0.12,17.84,0,0,0,0,0,-5.0745,15.7625,-0.125,-0.125,-17.9,0,0,0,0,0.0572958,0,0,0,0,96,0,0,0,0,0,0,55,0,0.00034,0.00034,0,0,0,0,0,0.8,0,0,0,0,0,0,1,0,0,0,0,0,0,0,0,30,0,,0,0,0,0,
20,6.92,0,-22.3,0,0,0,0,0,2.6255,6.4,0,0,4.9,0,0,0,0,0.0572958,0,0,0,0,95,0,0,0,0,0,0,55,0,0.00034,0.00034,0,0,0,0,0,0.8,0,0,0,0,0,0,1,0,0,0,0,0,0,0,0,99,0,,0,0,0,0,
21,9.22,0,-24.09,0,0,0,0,0,3.763,8.4125,0,0,5.1,0,0,0,0,0.0572958,0,0,0,0,96,0,0,0,0,0,0,55,0,0.00034,0.00034,0,0,0,0,0,0.8,0,0,0,0,0,0,1,0,0,0,0,0,0,0,0,99,0,,0,0,0,0,
23,6.05,0,-1.66,0,0,0,0,0,0.1755,6.05,-0.125,0,-6.3,0,0,0,0,0.0572958,0,0,0,0,98,0,0,0,0,0,0,55,0,0.00034,0.00034,0,0,0,0,0,2,0,0,0,0,0,0,1,0,0,0,0,0,0,0,0,98,0,,0,0,0,0,
76,6.32,0,13.61,0,0,0,0,0,-1.487,6.1375,0,0,5.7,0,0,0,0,0.0572958,0,0,0,0,98,0,0,0,0,0,0,55,0,0.00034,0.00034,0,0,0,0,0,6.2,0,0,0,0,0,0,1,0,0,0,0,0,0,0,0,98,0,,0,0,0,0,
115,11.42,0,11.04,0,0,0,0,0,-2.187,11.2125,0,0,-16.1,0,0,0,0,0.0572958,0,0,0,0,65,0,0,0,0,0,0,55,0,0.00034,0.00034,0,0,0,0,0,0.8,0,0,0,0,0,0,1,0,0,0,0,0,0,0,0,99,0,,0,0,0,0,
END,Total:6
START,FrameNb:118,CameraNb:0,HeSaiNb:0,ARS410Nb:0
2026/08/02 16:23:55:233---->
heightOffset:0,1785659035233,1324921,selfCaliBufCnt:0,selfAccObjCnt:0,selfAccAngle:0,installHAngleOffset:0,Interpolation:0,installVAngleOffset:0,radarOffsetH:0,radarOffsetV:0.32,Polynom:-0.001023;-0.0511;-2.047;0;0;0;-0.001023;-0.0511;-2.047;-25.5;0;0,WheelDirection:0;0;0;0,selfAngleOffset:0,selfAngleOffsetPit:0,currCaliAngleHrz:0,currCaliAnglePit:0,selfCaliAngleHrz:0,selfCaliAnglePit:0,servCaliAngleHrz:0,servCaliAnglePit:0,offlineCaliAngleHrz:0,offlineCaliAnglePit:0,determine2useFlag:0,IMU_Z_Accel:0,IMU_X_AngularRate:0,IMU_Y_AngularRate:0,IMU_RollAngle:0,IMU_PitchAngle:0,IMU_YawAngle:0,FcwID:0,FCWWarningLevel:0,FCWTTC:0
16,16.56,-0.12,17.84,0,0,0,0,0,-5.0745,15.7625,-0.125,-0.125,-17.9,0,0,0,0,0.0572958,0,0,0,0,96,0,0,0,0,0,0,61,0,0.00034,0.00034,0,0,0,0,0,0.8,0,0,0,0,0,0,1,0,0,0,0,0,0,0,0,30,0,,0,0,0,0,
20,6.92,0,-22.3,0,0,0,0,0,2.6255,6.4,0,0,4.9,0,0,0,0,0.0572958,0,0,0,0,95,0,0,0,0,0,0,61,0,0.00034,0.00034,0,0,0,0,0,0.8,0,0,0,0,0,0,1,0,0,0,0,0,0,0,0,99,0,,0,0,0,0,
21,9.22,0,-24.09,0,0,0,0,0,3.763,8.4125,0,0,5.1,0,0,0,0,0.0572958,0,0,0,0,96,0,0,0,0,0,0,61,0,0.00034,0.00034,0,0,0,0,0,0.8,0,0,0,0,0,0,1,0,0,0,0,0,0,0,0,99,0,,0,0,0,0,
23,6.05,0,-1.66,0,0,0,0,0,0.1755,6.05,-0.125,0,-6.3,0,0,0,0,0.0572958,0,0,0,0,98,0,0,0,0,0,0,61,0,0.00034,0.00034,0,0,0,0,0,2,0,0,0,0,0,0,1,0,0,0,0,0,0,0,0,98,0,,0,0,0,0,
76,6.32,0,13.61,0,0,0,0,0,-1.487,6.1375,0,0,5.7,0,0,0,0,0.0572958,0,0,0,0,98,0,0,0,0,0,0,61,0,0.00034,0.00034,0,0,0,0,0,6.2,0,0,0,0,0,0,1,0,0,0,0,0,0,0,0,98,0,,0,0,0,0,
115,11.42,0,11.04,0,0,0,0,0,-2.187,11.2125,0,0,-16.1,0,0,0,0,0.0572958,0,0,0,0,65,0,0,0,0,0,0,61,0,0.00034,0.00034,0,0,0,0,0,0.8,0,0,0,0,0,0,1,0,0,0,0,0,0,0,0,99,0,,0,0,0,0,
END,Total:6
START,FrameNb:119,CameraNb:0,HeSaiNb:0,ARS410Nb:0
2026/08/02 16:23:55:288---->
heightOffset:0,1785659035288,1324971,selfCaliBufCnt:0,selfAccObjCnt:0,selfAccAngle:0,installHAngleOffset:0,Interpolation:0,installVAngleOffset:0,radarOffsetH:0,radarOffsetV:0.32,Polynom:-0.001023;-0.0511;-2.047;0;0;0;-0.001023;-0.0511;-2.047;-25.5;0;0,WheelDirection:0;0;0;0,selfAngleOffset:0,selfAngleOffsetPit:0,currCaliAngleHrz:0,currCaliAnglePit:0,selfCaliAngleHrz:0,selfCaliAnglePit:0,servCaliAngleHrz:0,servCaliAnglePit:0,offlineCaliAngleHrz:0,offlineCaliAnglePit:0,determine2useFlag:0,IMU_Z_Accel:0,IMU_X_AngularRate:0,IMU_Y_AngularRate:0,IMU_RollAngle:0,IMU_PitchAngle:0,IMU_YawAngle:0,FcwID:0,FCWWarningLevel:0,FCWTTC:0
16,16.56,-0.12,17.84,0,0,0,0,0,-5.0745,15.7625,-0.125,-0.125,-17.9,0,0,0,0,0.0572958,0,0,0,0,96,0,0,0,0,0,0,58,0,0.00034,0.00034,0,0,0,0,0,0.8,0,0,0,0,0,0,1,0,0,0,0,0,0,0,0,30,0,,0,0,0,0,
20,6.92,0,-22.3,0,0,0,0,0,2.6255,6.4,0,0,4.9,0,0,0,0,0.0572958,0,0,0,0,95,0,0,0,0,0,0,58,0,0.00034,0.00034,0,0,0,0,0,0.8,0,0,0,0,0,0,1,0,0,0,0,0,0,0,0,99,0,,0,0,0,0,
21,9.22,0,-24.09,0,0,0,0,0,3.763,8.4125,0,0,5.1,0,0,0,0,0.0572958,0,0,0,0,96,0,0,0,0,0,0,58,0,0.00034,0.00034,0,0,0,0,0,0.8,0,0,0,0,0,0,1,0,0,0,0,0,0,0,0,99,0,,0,0,0,0,
23,6.05,0,-1.66,0,0,0,0,0,0.1755,6.05,-0.125,0,-6.3,0,0,0,0,0.0572958,0,0,0,0,98,0,0,0,0,0,0,58,0,0.00034,0.00034,0,0,0,0,0,2,0,0,0,0,0,0,1,0,0,0,0,0,0,0,0,98,0,,0,0,0,0,
76,6.32,0,13.61,0,0,0,0,0,-1.487,6.1375,0,0,5.7,0,0,0,0,0.0572958,0,0,0,0,98,0,0,0,0,0,0,58,0,0.00034,0.00034,0,0,0,0,0,6.2,0,0,0,0,0,0,1,0,0,0,0,0,0,0,0,98,0,,0,0,0,0,
115,11.42,0,11.04,0,0,0,0,0,-2.187,11.2125,0,0,-16.1,0,0,0,0,0.0572958,0,0,0,0,65,0,0,0,0,0,0,58,0,0.00034,0.00034,0,0,0,0,0,0.8,0,0,0,0,0,0,1,0,0,0,0,0,0,0,0,99,0,,0,0,0,0,
END,Total:6
START,FrameNb:120,CameraNb:0,HeSaiNb:0,ARS410Nb:0
2026/08/02 16:23:55:329---->
heightOffset:0,1785659035329,1325021,selfCaliBufCnt:0,selfAccObjCnt:0,selfAccAngle:0,installHAngleOffset:0,Interpolation:0,installVAngleOffset:0,radarOffsetH:0,radarOffsetV:0.32,Polynom:-0.001023;-0.0511;-2.047;0;0;0;-0.001023;-0.0511;-2.047;-25.5;0;0,WheelDirection:0;0;0;0,selfAngleOffset:0,selfAngleOffsetPit:0,currCaliAngleHrz:0,currCaliAnglePit:0,selfCaliAngleHrz:0,selfCaliAnglePit:0,servCaliAngleHrz:0,servCaliAnglePit:0,offlineCaliAngleHrz:0,offlineCaliAnglePit:0,determine2useFlag:0,IMU_Z_Accel:0,IMU_X_AngularRate:0,IMU_Y_AngularRate:0,IMU_RollAngle:0,IMU_PitchAngle:0,IMU_YawAngle:0,FcwID:0,FCWWarningLevel:0,FCWTTC:0
16,16.56,-0.12,17.84,0,0,0,0,0,-5.0745,15.7625,-0.125,-0.125,-17.9,0,0,0,0,0.0572958,0,0,0,0,96,0,0,0,0,0,0,61,0,0.00034,0.00034,0,0,0,0,0,0.8,0,0,0,0,0,0,1,0,0,0,0,0,0,0,0,30,0,,0,0,0,0,
20,6.92,0,-22.3,0,0,0,0,0,2.6255,6.4,0,0,4.9,0,0,0,0,0.0572958,0,0,0,0,95,0,0,0,0,0,0,61,0,0.00034,0.00034,0,0,0,0,0,0.8,0,0,0,0,0,0,1,0,0,0,0,0,0,0,0,99,0,,0,0,0,0,
21,9.22,0,-24.09,0,0,0,0,0,3.763,8.4125,0,0,5.1,0,0,0,0,0.0572958,0,0,0,0,96,0,0,0,0,0,0,61,0,0.00034,0.00034,0,0,0,0,0,0.8,0,0,0,0,0,0,1,0,0,0,0,0,0,0,0,99,0,,0,0,0,0,
23,6.05,0,-1.66,0,0,0,0,0,0.1755,6.05,-0.125,0,-6.3,0,0,0,0,0.0572958,0,0,0,0,98,0,0,0,0,0,0,61,0,0.00034,0.00034,0,0,0,0,0,2,0,0,0,0,0,0,1,0,0,0,0,0,0,0,0,98,0,,0,0,0,0,
76,6.32,0,13.61,0,0,0,0,0,-1.487,6.1375,0,0,5.7,0,0,0,0,0.0572958,0,0,0,0,98,0,0,0,0,0,0,61,0,0.00034,0.00034,0,0,0,0,0,6.2,0,0,0,0,0,0,1,0,0,0,0,0,0,0,0,98,0,,0,0,0,0,
115,11.42,0,11.04,0,0,0,0,0,-2.187,11.2125,0,0,-16.3,0,0,0,0,0.0572958,0,0,0,0,65,0,0,0,0,0,0,61,0,0.00034,0.00034,0,0,0,0,0,0.8,0,0,0,0,0,0,1,0,0,0,0,0,0,0,0,99,0,,0,0,0,0,
END,Total:6
START,FrameNb:121,CameraNb:0,HeSaiNb:0,ARS410Nb:0
2026/08/02 16:23:55:391---->
heightOffset:0,1785659035391,1325071,selfCaliBufCnt:0,selfAccObjCnt:0,selfAccAngle:0,installHAngleOffset:0,Interpolation:0,installVAngleOffset:0,radarOffsetH:0,radarOffsetV:0.32,Polynom:-0.001023;-0.0511;-2.047;0;0;0;-0.001023;-0.0511;-2.047;-25.5;0;0,WheelDirection:0;0;0;0,selfAngleOffset:0,selfAngleOffsetPit:0,currCaliAngleHrz:0,currCaliAnglePit:0,selfCaliAngleHrz:0,selfCaliAnglePit:0,servCaliAngleHrz:0,servCaliAnglePit:0,offlineCaliAngleHrz:0,offlineCaliAnglePit:0,determine2useFlag:0,IMU_Z_Accel:0,IMU_X_AngularRate:0,IMU_Y_AngularRate:0,IMU_RollAngle:0,IMU_PitchAngle:0,IMU_YawAngle:0,FcwID:0,FCWWarningLevel:0,FCWTTC:0
16,16.56,-0.12,17.84,0,0,0,0,0,-5.0745,15.7625,-0.125,-0.125,-17.9,0,0,0,0,0.0572958,0,0,0,0,96,0,0,0,0,0,0,54,0,0.00034,0.00034,0,0,0,0,0,0.8,0,0,0,0,0,0,1,0,0,0,0,0,0,0,0,30,0,,0,0,0,0,
20,6.92,0,-22.3,0,0,0,0,0,2.6255,6.4,0,0,4.9,0,0,0,0,0.0572958,0,0,0,0,95,0,0,0,0,0,0,54,0,0.00034,0.00034,0,0,0,0,0,0.8,0,0,0,0,0,0,1,0,0,0,0,0,0,0,0,99,0,,0,0,0,0,
21,9.22,0,-24.09,0,0,0,0,0,3.763,8.4125,0,0,5.1,0,0,0,0,0.0572958,0,0,0,0,96,0,0,0,0,0,0,54,0,0.00034,0.00034,0,0,0,0,0,0.8,0,0,0,0,0,0,1,0,0,0,0,0,0,0,0,99,0,,0,0,0,0,
23,6.05,0,-1.66,0,0,0,0,0,0.1755,6.05,-0.125,0,-6.3,0,0,0,0,0.0572958,0,0,0,0,98,0,0,0,0,0,0,54,0,0.00034,0.00034,0,0,0,0,0,2,0,0,0,0,0,0,1,0,0,0,0,0,0,0,0,98,0,,0,0,0,0,
24,10.59,0,-50.96,0,0,0,0,0,8.2255,6.6625,0,0,23.5,0,0,0,0,0.0572958,0,0,0,0,65,0,0,0,0,0,0,54,0,0.00034,0.00034,0,0,0,0,0,0.4,0,0,0,0,0,0,1,0,0,0,0,0,0,0,0,71,0,,0,0,0,0,
76,6.32,0,13.61,0,0,0,0,0,-1.487,6.1375,0,0,5.7,0,0,0,0,0.0572958,0,0,0,0,98,0,0,0,0,0,0,54,0,0.00034,0.00034,0,0,0,0,0,6.2,0,0,0,0,0,0,1,0,0,0,0,0,0,0,0,98,0,,0,0,0,0,
115,11.42,0,11.04,0,0,0,0,0,-2.187,11.2125,0,0,-16.3,0,0,0,0,0.0572958,0,0,0,0,65,0,0,0,0,0,0,54,0,0.00034,0.00034,0,0,0,0,0,0.8,0,0,0,0,0,0,1,0,0,0,0,0,0,0,0,99,0,,0,0,0,0,
END,Total:7
START,FrameNb:122,CameraNb:0,HeSaiNb:0,ARS410Nb:0
2026/08/02 16:23:55:454---->
heightOffset:0,1785659035454,1325121,selfCaliBufCnt:0,selfAccObjCnt:0,selfAccAngle:0,installHAngleOffset:0,Interpolation:0,installVAngleOffset:0,radarOffsetH:0,radarOffsetV:0.32,Polynom:-0.001023;-0.0511;-2.047;0;0;0;-0.001023;-0.0511;-2.047;-25.5;0;0,WheelDirection:0;0;0;0,selfAngleOffset:0,selfAngleOffsetPit:0,currCaliAngleHrz:0,currCaliAnglePit:0,selfCaliAngleHrz:0,selfCaliAnglePit:0,servCaliAngleHrz:0,servCaliAnglePit:0,offlineCaliAngleHrz:0,offlineCaliAnglePit:0,determine2useFlag:0,IMU_Z_Accel:0,IMU_X_AngularRate:0,IMU_Y_AngularRate:0,IMU_RollAngle:0,IMU_PitchAngle:0,IMU_YawAngle:0,FcwID:0,FCWWarningLevel:0,FCWTTC:0
16,16.56,-0.12,17.84,0,0,0,0,0,-5.0745,15.7625,-0.125,-0.125,-17.9,0,0,0,0,0.0572958,0,0,0,0,96,0,0,0,0,0,0,58,0,0.00034,0.00034,0,0,0,0,0,0.8,0,0,0,0,0,0,1,0,0,0,0,0,0,0,0,30,0,,0,0,0,0,
20,6.92,0,-22.3,0,0,0,0,0,2.6255,6.4,0,0,4.9,0,0,0,0,0.0572958,0,0,0,0,95,0,0,0,0,0,0,58,0,0.00034,0.00034,0,0,0,0,0,0.8,0,0,0,0,0,0,1,0,0,0,0,0,0,0,0,99,0,,0,0,0,0,
21,9.22,0,-24.09,0,0,0,0,0,3.763,8.4125,0,0,5.1,0,0,0,0,0.0572958,0,0,0,0,96,0,0,0,0,0,0,58,0,0.00034,0.00034,0,0,0,0,0,0.8,0,0,0,0,0,0,1,0,0,0,0,0,0,0,0,99,0,,0,0,0,0,
23,6.05,0,-1.66,0,0,0,0,0,0.1755,6.05,-0.125,0,-6.3,0,0,0,0,0.0572958,0,0,0,0,98,0,0,0,0,0,0,58,0,0.00034,0.00034,0,0,0,0,0,2,0,0,0,0,0,0,1,0,0,0,0,0,0,0,0,98,0,,0,0,0,0,
24,10.59,0,-50.96,0,0,0,0,0,8.2255,6.6625,0,0,23.5,0,0,0,0,0.0572958,0,0,0,0,65,0,0,0,0,0,0,58,0,0.00034,0.00034,0,0,0,0,0,0.4,0,0,0,0,0,0,1,0,0,0,0,0,0,0,0,71,0,,0,0,0,0,
76,6.32,0,13.61,0,0,0,0,0,-1.487,6.1375,0,0,5.7,0,0,0,0,0.0572958,0,0,0,0,98,0,0,0,0,0,0,58,0,0.00034,0.00034,0,0,0,0,0,6.2,0,0,0,0,0,0,1,0,0,0,0,0,0,0,0,98,0,,0,0,0,0,
115,11.42,0,11.04,0,0,0,0,0,-2.187,11.2125,0,0,-16.3,0,0,0,0,0.0572958,0,0,0,0,65,0,0,0,0,0,0,58,0,0.00034,0.00034,0,0,0,0,0,0.8,0,0,0,0,0,0,1,0,0,0,0,0,0,0,0,99,0,,0,0,0,0,
END,Total:7
START,FrameNb:123,CameraNb:0,HeSaiNb:0,ARS410Nb:0
2026/08/02 16:23:55:482---->
heightOffset:0,1785659035482,1325171,selfCaliBufCnt:0,selfAccObjCnt:0,selfAccAngle:0,installHAngleOffset:0,Interpolation:0,installVAngleOffset:0,radarOffsetH:0,radarOffsetV:0.32,Polynom:-0.001023;-0.0511;-2.047;0;0;0;-0.001023;-0.0511;-2.047;-25.5;0;0,WheelDirection:0;0;0;0,selfAngleOffset:0,selfAngleOffsetPit:0,currCaliAngleHrz:0,currCaliAnglePit:0,selfCaliAngleHrz:0,selfCaliAnglePit:0,servCaliAngleHrz:0,servCaliAnglePit:0,offlineCaliAngleHrz:0,offlineCaliAnglePit:0,determine2useFlag:0,IMU_Z_Accel:0,IMU_X_AngularRate:0,IMU_Y_AngularRate:0,IMU_RollAngle:0,IMU_PitchAngle:0,IMU_YawAngle:0,FcwID:0,FCWWarningLevel:0,FCWTTC:0
16,16.56,-0.12,17.84,0,0,0,0,0,-5.0745,15.7625,-0.125,-0.125,-17.9,0,0,0,0,0.0572958,0,0,0,0,96,0,0,0,0,0,0,58,0,0.00034,0.00034,0,0,0,0,0,0.8,0,0,0,0,0,0,1,0,0,0,0,0,0,0,0,30,0,,0,0,0,0,
20,6.92,0,-22.3,0,0,0,0,0,2.6255,6.4,0,0,4.9,0,0,0,0,0.0572958,0,0,0,0,95,0,0,0,0,0,0,58,0,0.00034,0.00034,0,0,0,0,0,0.8,0,0,0,0,0,0,1,0,0,0,0,0,0,0,0,99,0,,0,0,0,0,
21,9.22,0,-24.09,0,0,0,0,0,3.763,8.4125,0,0,5.1,0,0,0,0,0.0572958,0,0,0,0,96,0,0,0,0,0,0,58,0,0.00034,0.00034,0,0,0,0,0,0.8,0,0,0,0,0,0,1,0,0,0,0,0,0,0,0,99,0,,0,0,0,0,
23,6.05,0,-1.66,0,0,0,0,0,0.1755,6.05,-0.125,0,-6.3,0,0,0,0,0.0572958,0,0,0,0,98,0,0,0,0,0,0,58,0,0.00034,0.00034,0,0,0,0,0,2,0,0,0,0,0,0,1,0,0,0,0,0,0,0,0,98,0,,0,0,0,0,
24,10.59,0,-50.96,0,0,0,0,0,8.2255,6.6625,0,0,23.3,0,0,0,0,0.0572958,0,0,0,0,65,0,0,0,0,0,0,58,0,0.00034,0.00034,0,0,0,0,0,0.4,0,0,0,0,0,0,1,0,0,0,0,0,0,0,0,77,0,,0,0,0,0,
76,6.32,0,13.61,0,0,0,0,0,-1.487,6.1375,0,0,5.7,0,0,0,0,0.0572958,0,0,0,0,98,0,0,0,0,0,0,58,0,0.00034,0.00034,0,0,0,0,0,6.2,0,0,0,0,0,0,1,0,0,0,0,0,0,0,0,98,0,,0,0,0,0,
115,11.42,0,11.04,0,0,0,0,0,-2.187,11.2125,0,0,-16.3,0,0,0,0,0.0572958,0,0,0,0,65,0,0,0,0,0,0,58,0,0.00034,0.00034,0,0,0,0,0,0.8,0,0,0,0,0,0,1,0,0,0,0,0,0,0,0,99,0,,0,0,0,0,
END,Total:7
START,FrameNb:124,CameraNb:0,HeSaiNb:0,ARS410Nb:0
2026/08/02 16:23:55:540---->
heightOffset:0,1785659035540,1325222,selfCaliBufCnt:0,selfAccObjCnt:0,selfAccAngle:0,installHAngleOffset:0,Interpolation:0,installVAngleOffset:0,radarOffsetH:0,radarOffsetV:0.32,Polynom:-0.001023;-0.0511;-2.047;0;0;0;-0.001023;-0.0511;-2.047;-25.5;0;0,WheelDirection:0;0;0;0,selfAngleOffset:0,selfAngleOffsetPit:0,currCaliAngleHrz:0,currCaliAnglePit:0,selfCaliAngleHrz:0,selfCaliAnglePit:0,servCaliAngleHrz:0,servCaliAnglePit:0,offlineCaliAngleHrz:0,offlineCaliAnglePit:0,determine2useFlag:0,IMU_Z_Accel:0,IMU_X_AngularRate:0,IMU_Y_AngularRate:0,IMU_RollAngle:0,IMU_PitchAngle:0,IMU_YawAngle:0,FcwID:0,FCWWarningLevel:0,FCWTTC:0
16,16.56,-0.12,17.84,0,0,0,0,0,-5.0745,15.7625,-0.125,-0.125,-17.7,0,0,0,0,0.0572958,0,0,0,0,96,0,0,0,0,0,0,53,0,0.00034,0.00034,0,0,0,0,0,0.8,0,0,0,0,0,0,1,0,0,0,0,0,0,0,0,30,0,,0,0,0,0,
20,6.92,0,-22.3,0,0,0,0,0,2.6255,6.4,0,0,4.9,0,0,0,0,0.0572958,0,0,0,0,95,0,0,0,0,0,0,53,0,0.00034,0.00034,0,0,0,0,0,0.8,0,0,0,0,0,0,1,0,0,0,0,0,0,0,0,99,0,,0,0,0,0,
21,9.22,0,-24.09,0,0,0,0,0,3.763,8.4125,0,0,5.1,0,0,0,0,0.0572958,0,0,0,0,96,0,0,0,0,0,0,53,0,0.00034,0.00034,0,0,0,0,0,0.8,0,0,0,0,0,0,1,0,0,0,0,0,0,0,0,99,0,,0,0,0,0,
23,6.05,0,-1.66,0,0,0,0,0,0.1755,6.05,-0.125,0,-6.3,0,0,0,0,0.0572958,0,0,0,0,98,0,0,0,0,0,0,53,0,0.00034,0.00034,0,0,0,0,0,2,0,0,0,0,0,0,1,0,0,0,0,0,0,0,0,98,0,,0,0,0,0,
24,10.59,0,-50.96,0,0,0,0,0,8.2255,6.6625,0,0,23.1,0,0,0,0,0.0572958,0,0,0,0,65,0,0,0,0,0,0,53,0,0.00034,0.00034,0,0,0,0,0,0.6,0,0,0,0,0,0,1,0,0,0,0,0,0,0,0,81,0,,0,0,0,0,
76,6.32,0,13.61,0,0,0,0,0,-1.487,6.1375,0,0,5.7,0,0,0,0,0.0572958,0,0,0,0,98,0,0,0,0,0,0,53,0,0.00034,0.00034,0,0,0,0,0,6.2,0,0,0,0,0,0,1,0,0,0,0,0,0,0,0,98,0,,0,0,0,0,
115,11.42,-0.12,11.04,0,0,0,0,0,-2.187,11.2125,0,-0.125,-16.3,0,0,0,0,0.0572958,0,0,0,0,65,0,0,0,0,0,0,53,0,0.00034,0.00034,0,0,0,0,0,0.8,0,0,0,0,0,0,1,0,0,0,0,0,0,0,0,99,0,,0,0,0,0,
END,Total:7
START,FrameNb:125,CameraNb:0,HeSaiNb:0,ARS410Nb:0
2026/08/02 16:23:55:580---->
heightOffset:0,1785659035580,1325271,selfCaliBufCnt:0,selfAccObjCnt:0,selfAccAngle:0,installHAngleOffset:0,Interpolation:0,installVAngleOffset:0,radarOffsetH:0,radarOffsetV:0.32,Polynom:-0.001023;-0.0511;-2.047;0;0;0;-0.001023;-0.0511;-2.047;-25.5;0;0,WheelDirection:0;0;0;0,selfAngleOffset:0,selfAngleOffsetPit:0,currCaliAngleHrz:0,currCaliAnglePit:0,selfCaliAngleHrz:0,selfCaliAnglePit:0,servCaliAngleHrz:0,servCaliAnglePit:0,offlineCaliAngleHrz:0,offlineCaliAnglePit:0,determine2useFlag:0,IMU_Z_Accel:0,IMU_X_AngularRate:0,IMU_Y_AngularRate:0,IMU_RollAngle:0,IMU_PitchAngle:0,IMU_YawAngle:0,FcwID:0,FCWWarningLevel:0,FCWTTC:0
16,16.56,0,17.84,0,0,0,0,0,-5.0745,15.7625,-0.125,0,-17.7,0,0,0,0,0.0572958,0,0,0,0,96,0,0,0,0,0,0,58,0,0.00034,0.00034,0,0,0,0,0,0.8,0,0,0,0,0,0,1,0,0,0,0,0,0,0,0,30,0,,0,0,0,0,
20,6.92,0,-22.3,0,0,0,0,0,2.6255,6.4,0,0,4.9,0,0,0,0,0.0572958,0,0,0,0,95,0,0,0,0,0,0,58,0,0.00034,0.00034,0,0,0,0,0,0.8,0,0,0,0,0,0,1,0,0,0,0,0,0,0,0,99,0,,0,0,0,0,
21,9.22,0,-24.09,0,0,0,0,0,3.763,8.4125,0,0,5.1,0,0,0,0,0.0572958,0,0,0,0,96,0,0,0,0,0,0,58,0,0.00034,0.00034,0,0,0,0,0,0.8,0,0,0,0,0,0,1,0,0,0,0,0,0,0,0,99,0,,0,0,0,0,
23,6.05,0,-1.66,0,0,0,0,0,0.1755,6.05,-0.125,0,-6.3,0,0,0,0,0.0572958,0,0,0,0,98,0,0,0,0,0,0,58,0,0.00034,0.00034,0,0,0,0,0,2,0,0,0,0,0,0,1,0,0,0,0,0,0,0,0,98,0,,0,0,0,0,
24,10.52,0,-50.68,0,0,0,0,0,8.138,6.6625,0,0,22.9,0,0,0,0,0.0572958,0,0,0,0,65,0,0,0,0,0,0,58,0,0.00034,0.00034,0,0,0,0,0,0.6,0,0,0,0,0,0,1,0,0,0,0,0,0,0,0,85,0,,0,0,0,0,
76,6.32,0,13.61,0,0,0,0,0,-1.487,6.1375,0,0,5.7,0,0,0,0,0.0572958,0,0,0,0,98,0,0,0,0,0,0,58,0,0.00034,0.00034,0,0,0,0,0,6.2,0,0,0,0,0,0,1,0,0,0,0,0,0,0,0,98,0,,0,0,0,0,
115,11.42,-0.12,11.04,0,0,0,0,0,-2.187,11.2125,0,-0.125,-16.3,0,0,0,0,0.0572958,0,0,0,0,65,0,0,0,0,0,0,58,0,0.00034,0.00034,0,0,0,0,0,0.8,0,0,0,0,0,0,1,0,0,0,0,0,0,0,0,99,0,,0,0,0,0,
END,Total:7
START,FrameNb:126,CameraNb:0,HeSaiNb:0,ARS410Nb:0
2026/08/02 16:23:55:639---->
heightOffset:0,1785659035639,1325321,selfCaliBufCnt:0,selfAccObjCnt:0,selfAccAngle:0,installHAngleOffset:0,Interpolation:0,installVAngleOffset:0,radarOffsetH:0,radarOffsetV:0.32,Polynom:-0.001023;-0.0511;-2.047;0;0;0;-0.001023;-0.0511;-2.047;-25.5;0;0,WheelDirection:0;0;0;0,selfAngleOffset:0,selfAngleOffsetPit:0,currCaliAngleHrz:0,currCaliAnglePit:0,selfCaliAngleHrz:0,selfCaliAnglePit:0,servCaliAngleHrz:0,servCaliAnglePit:0,offlineCaliAngleHrz:0,offlineCaliAnglePit:0,determine2useFlag:0,IMU_Z_Accel:0,IMU_X_AngularRate:0,IMU_Y_AngularRate:0,IMU_RollAngle:0,IMU_PitchAngle:0,IMU_YawAngle:0,FcwID:0,FCWWarningLevel:0,FCWTTC:0
16,16.56,0,17.84,0,0,0,0,0,-5.0745,15.7625,-0.125,0,-17.7,0,0,0,0,0.0572958,0,0,0,0,96,0,0,0,0,0,0,57,0,0.00034,0.00034,0,0,0,0,0,0.8,0,0,0,0,0,0,1,0,0,0,0,0,0,0,0,30,0,,0,0,0,0,
20,6.92,0,-22.3,0,0,0,0,0,2.6255,6.4,0,0,4.9,0,0,0,0,0.0572958,0,0,0,0,95,0,0,0,0,0,0,57,0,0.00034,0.00034,0,0,0,0,0,0.8,0,0,0,0,0,0,1,0,0,0,0,0,0,0,0,99,0,,0,0,0,0,
21,9.22,0,-24.09,0,0,0,0,0,3.763,8.4125,0,0,5.1,0,0,0,0,0.0572958,0,0,0,0,96,0,0,0,0,0,0,57,0,0.00034,0.00034,0,0,0,0,0,0.8,0,0,0,0,0,0,1,0,0,0,0,0,0,0,0,99,0,,0,0,0,0,
23,6.05,0,-1.66,0,0,0,0,0,0.1755,6.05,-0.125,0,-6.3,0,0,0,0,0.0572958,0,0,0,0,98,0,0,0,0,0,0,57,0,0.00034,0.00034,0,0,0,0,0,2,0,0,0,0,0,0,1,0,0,0,0,0,0,0,0,98,0,,0,0,0,0,
24,10.52,0,-50.68,0,0,0,0,0,8.138,6.6625,0,0,22.9,0,0,0,0,0.0572958,0,0,0,0,65,0,0,0,0,0,0,57,0,0.00034,0.00034,0,0,0,0,0,0.8,0,0,0,0,0,0,1,0,0,0,0,0,0,0,0,88,0,,0,0,0,0,
76,6.32,0,13.61,0,0,0,0,0,-1.487,6.1375,0,0,5.7,0,0,0,0,0.0572958,0,0,0,0,98,0,0,0,0,0,0,57,0,0.00034,0.00034,0,0,0,0,0,6.2,0,0,0,0,0,0,1,0,0,0,0,0,0,0,0,98,0,,0,0,0,0,
115,11.42,-0.12,11.04,0,0,0,0,0,-2.187,11.2125,0,-0.125,-16.3,0,0,0,0,0.0572958,0,0,0,0,65,0,0,0,0,0,0,57,0,0.00034,0.00034,0,0,0,0,0,0.8,0,0,0,0,0,0,1,0,0,0,0,0,0,0,0,99,0,,0,0,0,0,
END,Total:7
START,FrameNb:127,CameraNb:0,HeSaiNb:0,ARS410Nb:0
2026/08/02 16:23:55:702---->
heightOffset:0,1785659035702,1325371,selfCaliBufCnt:0,selfAccObjCnt:0,selfAccAngle:0,installHAngleOffset:0,Interpolation:0,installVAngleOffset:0,radarOffsetH:0,radarOffsetV:0.32,Polynom:-0.001023;-0.0511;-2.047;0;0;0;-0.001023;-0.0511;-2.047;-25.5;0;0,WheelDirection:0;0;0;0,selfAngleOffset:0,selfAngleOffsetPit:0,currCaliAngleHrz:0,currCaliAnglePit:0,selfCaliAngleHrz:0,selfCaliAnglePit:0,servCaliAngleHrz:0,servCaliAnglePit:0,offlineCaliAngleHrz:0,offlineCaliAnglePit:0,determine2useFlag:0,IMU_Z_Accel:0,IMU_X_AngularRate:0,IMU_Y_AngularRate:0,IMU_RollAngle:0,IMU_PitchAngle:0,IMU_YawAngle:0,FcwID:0,FCWWarningLevel:0,FCWTTC:0
16,16.56,0,17.84,0,0,0,0,0,-5.0745,15.7625,0,0,-17.7,0,0,0,0,0.0572958,0,0,0,0,96,0,0,0,0,0,0,63,0,0.00034,0.00034,0,0,0,0,0,0.8,0,0,0,0,0,0,1,0,0,0,0,0,0,0,0,30,0,,0,0,0,0,
20,6.92,0,-22.3,0,0,0,0,0,2.6255,6.4,0,0,4.9,0,0,0,0,0.0572958,0,0,0,0,95,0,0,0,0,0,0,63,0,0.00034,0.00034,0,0,0,0,0,0.8,0,0,0,0,0,0,1,0,0,0,0,0,0,0,0,99,0,,0,0,0,0,
21,9.22,0,-24.09,0,0,0,0,0,3.763,8.4125,0,0,4.9,0,0,0,0,0.0572958,0,0,0,0,96,0,0,0,0,0,0,63,0,0.00034,0.00034,0,0,0,0,0,0.8,0,0,0,0,0,0,1,0,0,0,0,0,0,0,0,99,0,,0,0,0,0,
23,6.05,0,-1.66,0,0,0,0,0,0.1755,6.05,-0.125,0,-6.3,0,0,0,0,0.0572958,0,0,0,0,98,0,0,0,0,0,0,63,0,0.00034,0.00034,0,0,0,0,0,1.6,0,0,0,0,0,0,1,0,0,0,0,0,0,0,0,98,0,,0,0,0,0,
24,10.52,0,-50.68,0,0,0,0,0,8.138,6.6625,0,0,22.9,0,0,0,0,0.0572958,0,0,0,0,65,0,0,0,0,0,0,63,0,0.00034,0.00034,0,0,0,0,0,0.8,0,0,0,0,0,0,1,0,0,0,0,0,0,0,0,90,0,,0,0,0,0,
76,6.32,0,13.61,0,0,0,0,0,-1.487,6.1375,0,0,5.7,0,0,0,0,0.0572958,0,0,0,0,98,0,0,0,0,0,0,63,0,0.00034,0.00034,0,0,0,0,0,6.2,0,0,0,0,0,0,1,0,0,0,0,0,0,0,0,98,0,,0,0,0,0,
115,11.42,-0.12,11.04,0,0,0,0,0,-2.187,11.2125,0,-0.125,-16.3,0,0,0,0,0.0572958,0,0,0,0,65,0,0,0,0,0,0,63,0,0.00034,0.00034,0,0,0,0,0,0.8,0,0,0,0,0,0,1,0,0,0,0,0,0,0,0,99,0,,0,0,0,0,
END,Total:7
START,FrameNb:128,CameraNb:0,HeSaiNb:0,ARS410Nb:0
2026/08/02 16:23:55:733---->
heightOffset:0,1785659035733,1325421,selfCaliBufCnt:0,selfAccObjCnt:0,selfAccAngle:0,installHAngleOffset:0,Interpolation:0,installVAngleOffset:0,radarOffsetH:0,radarOffsetV:0.32,Polynom:-0.001023;-0.0511;-2.047;0;0;0;-0.001023;-0.0511;-2.047;-25.5;0;0,WheelDirection:0;0;0;0,selfAngleOffset:0,selfAngleOffsetPit:0,currCaliAngleHrz:0,currCaliAnglePit:0,selfCaliAngleHrz:0,selfCaliAnglePit:0,servCaliAngleHrz:0,servCaliAnglePit:0,offlineCaliAngleHrz:0,offlineCaliAnglePit:0,determine2useFlag:0,IMU_Z_Accel:0,IMU_X_AngularRate:0,IMU_Y_AngularRate:0,IMU_RollAngle:0,IMU_PitchAngle:0,IMU_YawAngle:0,FcwID:0,FCWWarningLevel:0,FCWTTC:0
16,16.56,0,17.84,0,0,0,0,0,-5.0745,15.7625,0,0,-17.7,0,0,0,0,0.0572958,0,0,0,0,96,0,0,0,0,0,0,56,0,0.00034,0.00034,0,0,0,0,0,0.8,0,0,0,0,0,0,1,0,0,0,0,0,0,0,0,30,0,,0,0,0,0,
20,6.92,0,-22.3,0,0,0,0,0,2.6255,6.4,0,0,4.9,0,0,0,0,0.0572958,0,0,0,0,95,0,0,0,0,0,0,56,0,0.00034,0.00034,0,0,0,0,0,0.8,0,0,0,0,0,0,1,0,0,0,0,0,0,0,0,99,0,,0,0,0,0,
21,9.22,0,-24.09,0,0,0,0,0,3.763,8.4125,0,0,4.9,0,0,0,0,0.0572958,0,0,0,0,96,0,0,0,0,0,0,56,0,0.00034,0.00034,0,0,0,0,0,0.8,0,0,0,0,0,0,1,0,0,0,0,0,0,0,0,99,0,,0,0,0,0,
23,6.05,0,-1.66,0,0,0,0,0,0.1755,6.05,-0.125,0,-6.3,0,0,0,0,0.0572958,0,0,0,0,98,0,0,0,0,0,0,56,0,0.00034,0.00034,0,0,0,0,0,1.8,0,0,0,0,0,0,1,0,0,0,0,0,0,0,0,98,0,,0,0,0,0,
24,10.52,0,-50.68,0,0,0,0,0,8.138,6.6625,0,0,22.7,0,0,0,0,0.0572958,0,0,0,0,65,0,0,0,0,0,0,56,0,0.00034,0.00034,0,0,0,0,0,0.8,0,0,0,0,0,0,1,0,0,0,0,0,0,0,0,92,0,,0,0,0,0,
76,6.32,0,13.61,0,0,0,0,0,-1.487,6.1375,0,0,5.7,0,0,0,0,0.0572958,0,0,0,0,98,0,0,0,0,0,0,56,0,0.00034,0.00034,0,0,0,0,0,6.2,0,0,0,0,0,0,1,0,0,0,0,0,0,0,0,98,0,,0,0,0,0,
115,11.42,-0.12,11.04,0,0,0,0,0,-2.187,11.2125,0,-0.125,-16.3,0,0,0,0,0.0572958,0,0,0,0,65,0,0,0,0,0,0,56,0,0.00034,0.00034,0,0,0,0,0,0.8,0,0,0,0,0,0,1,0,0,0,0,0,0,0,0,99,0,,0,0,0,0,
END,Total:7
START,FrameNb:129,CameraNb:0,HeSaiNb:0,ARS410Nb:0
2026/08/02 16:23:55:784---->
heightOffset:0,1785659035784,1325472,selfCaliBufCnt:0,selfAccObjCnt:0,selfAccAngle:0,installHAngleOffset:0,Interpolation:0,installVAngleOffset:0,radarOffsetH:0,radarOffsetV:0.32,Polynom:-0.001023;-0.0511;-2.047;0;0;0;-0.001023;-0.0511;-2.047;-25.5;0;0,WheelDirection:0;0;0;0,selfAngleOffset:0,selfAngleOffsetPit:0,currCaliAngleHrz:0,currCaliAnglePit:0,selfCaliAngleHrz:0,selfCaliAnglePit:0,servCaliAngleHrz:0,servCaliAnglePit:0,offlineCaliAngleHrz:0,offlineCaliAnglePit:0,determine2useFlag:0,IMU_Z_Accel:0,IMU_X_AngularRate:0,IMU_Y_AngularRate:0,IMU_RollAngle:0,IMU_PitchAngle:0,IMU_YawAngle:0,FcwID:0,FCWWarningLevel:0,FCWTTC:0
16,16.56,0,17.84,0,0,0,0,0,-5.0745,15.7625,0,0,-17.7,0,0,0,0,0.0572958,0,0,0,0,96,0,0,0,0,0,0,58,0,0.00034,0.00034,0,0,0,0,0,0.8,0,0,0,0,0,0,1,0,0,0,0,0,0,0,0,30,0,,0,0,0,0,
20,6.92,0,-22.3,0,0,0,0,0,2.6255,6.4,0,0,4.9,0,0,0,0,0.0572958,0,0,0,0,95,0,0,0,0,0,0,58,0,0.00034,0.00034,0,0,0,0,0,0.8,0,0,0,0,0,0,1,0,0,0,0,0,0,0,0,99,0,,0,0,0,0,
21,9.22,0,-24.09,0,0,0,0,0,3.763,8.4125,0,0,4.9,0,0,0,0,0.0572958,0,0,0,0,96,0,0,0,0,0,0,58,0,0.00034,0.00034,0,0,0,0,0,0.8,0,0,0,0,0,0,1,0,0,0,0,0,0,0,0,99,0,,0,0,0,0,
23,6.05,0,-1.66,0,0,0,0,0,0.1755,6.05,-0.125,0,-6.3,0,0,0,0,0.0572958,0,0,0,0,98,0,0,0,0,0,0,58,0,0.00034,0.00034,0,0,0,0,0,1.8,0,0,0,0,0,0,1,0,0,0,0,0,0,0,0,98,0,,0,0,0,0,
24,10.52,0,-50.68,0,0,0,0,0,8.138,6.6625,0,0,22.7,0,0,0,0,0.0572958,0,0,0,0,65,0,0,0,0,0,0,58,0,0.00034,0.00034,0,0,0,0,0,0.8,0,0,0,0,0,0,1,0,0,0,0,0,0,0,0,92,0,,0,0,0,0,
76,6.32,0,13.61,0,0,0,0,0,-1.487,6.1375,0,0,5.7,0,0,0,0,0.0572958,0,0,0,0,98,0,0,0,0,0,0,58,0,0.00034,0.00034,0,0,0,0,0,6.2,0,0,0,0,0,0,1,0,0,0,0,0,0,0,0,98,0,,0,0,0,0,
115,11.42,-0.12,11.04,0,0,0,0,0,-2.187,11.2125,0,-0.125,-16.3,0,0,0,0,0.0572958,0,0,0,0,65,0,0,0,0,0,0,58,0,0.00034,0.00034,0,0,0,0,0,0.8,0,0,0,0,0,0,1,0,0,0,0,0,0,0,0,99,0,,0,0,0,0,
END,Total:7
START,FrameNb:130,CameraNb:0,HeSaiNb:0,ARS410Nb:0
2026/08/02 16:23:55:829---->
heightOffset:0,1785659035829,1325521,selfCaliBufCnt:0,selfAccObjCnt:0,selfAccAngle:0,installHAngleOffset:0,Interpolation:0,installVAngleOffset:0,radarOffsetH:0,radarOffsetV:0.32,Polynom:-0.001023;-0.0511;-2.047;0;0;0;-0.001023;-0.0511;-2.047;-25.5;0;0,WheelDirection:0;0;0;0,selfAngleOffset:0,selfAngleOffsetPit:0,currCaliAngleHrz:0,currCaliAnglePit:0,selfCaliAngleHrz:0,selfCaliAnglePit:0,servCaliAngleHrz:0,servCaliAnglePit:0,offlineCaliAngleHrz:0,offlineCaliAnglePit:0,determine2useFlag:0,IMU_Z_Accel:0,IMU_X_AngularRate:0,IMU_Y_AngularRate:0,IMU_RollAngle:0,IMU_PitchAngle:0,IMU_YawAngle:0,FcwID:0,FCWWarningLevel:0,FCWTTC:0
16,16.56,0,17.84,0,0,0,0,0,-5.0745,15.7625,0,0,-17.7,0,0,0,0,0.0572958,0,0,0,0,96,0,0,0,0,0,0,58,0,0.00034,0.00034,0,0,0,0,0,0.8,0,0,0,0,0,0,1,0,0,0,0,0,0,0,0,30,0,,0,0,0,0,
20,6.92,0,-22.3,0,0,0,0,0,2.6255,6.4,0,0,4.9,0,0,0,0,0.0572958,0,0,0,0,95,0,0,0,0,0,0,58,0,0.00034,0.00034,0,0,0,0,0,0.8,0,0,0,0,0,0,1,0,0,0,0,0,0,0,0,99,0,,0,0,0,0,
21,9.22,0,-24.09,0,0,0,0,0,3.763,8.4125,0,0,4.9,0,0,0,0,0.0572958,0,0,0,0,96,0,0,0,0,0,0,58,0,0.00034,0.00034,0,0,0,0,0,0.8,0,0,0,0,0,0,1,0,0,0,0,0,0,0,0,99,0,,0,0,0,0,
23,6.05,0,-1.66,0,0,0,0,0,0.1755,6.05,-0.125,0,-6.3,0,0,0,0,0.0572958,0,0,0,0,98,0,0,0,0,0,0,58,0,0.00034,0.00034,0,0,0,0,0,1.8,0,0,0,0,0,0,1,0,0,0,0,0,0,0,0,98,0,,0,0,0,0,
24,10.52,-0.08,-50.68,0,0,0,0,0,8.138,6.6625,0,-0.125,22.7,0,0,0,0,0.0572958,0,0,0,0,65,0,0,0,0,0,0,58,0,0.00034,0.00034,0,0,0,0,0,0.8,0,0,0,0,0,0,1,0,0,0,0,0,0,0,0,94,0,,0,0,0,0,
76,6.32,0,13.61,0,0,0,0,0,-1.487,6.1375,0,0,5.7,0,0,0,0,0.0572958,0,0,0,0,98,0,0,0,0,0,0,58,0,0.00034,0.00034,0,0,0,0,0,6.2,0,0,0,0,0,0,1,0,0,0,0,0,0,0,0,98,0,,0,0,0,0,
115,11.42,-0.12,11.04,0,0,0,0,0,-2.187,11.2125,0,-0.125,-16.3,0,0,0,0,0.0572958,0,0,0,0,65,0,0,0,0,0,0,58,0,0.00034,0.00034,0,0,0,0,0,0.8,0,0,0,0,0,0,1,0,0,0,0,0,0,0,0,99,0,,0,0,0,0,
END,Total:7
START,FrameNb:131,CameraNb:0,HeSaiNb:0,ARS410Nb:0
2026/08/02 16:23:55:889---->
heightOffset:0,1785659035889,1325572,selfCaliBufCnt:0,selfAccObjCnt:0,selfAccAngle:0,installHAngleOffset:0,Interpolation:0,installVAngleOffset:0,radarOffsetH:0,radarOffsetV:0.32,Polynom:-0.001023;-0.0511;-2.047;0;0;0;-0.001023;-0.0511;-2.047;-25.5;0;0,WheelDirection:0;0;0;0,selfAngleOffset:0,selfAngleOffsetPit:0,currCaliAngleHrz:0,currCaliAnglePit:0,selfCaliAngleHrz:0,selfCaliAnglePit:0,servCaliAngleHrz:0,servCaliAnglePit:0,offlineCaliAngleHrz:0,offlineCaliAnglePit:0,determine2useFlag:0,IMU_Z_Accel:0,IMU_X_AngularRate:0,IMU_Y_AngularRate:0,IMU_RollAngle:0,IMU_PitchAngle:0,IMU_YawAngle:0,FcwID:0,FCWWarningLevel:0,FCWTTC:0
16,16.56,0,17.84,0,0,0,0,0,-5.0745,15.7625,0,0,-17.7,0,0,0,0,0.0572958,0,0,0,0,96,0,0,0,0,0,0,55,0,0.00034,0.00034,0,0,0,0,0,0.8,0,0,0,0,0,0,1,0,0,0,0,0,0,0,0,30,0,,0,0,0,0,
20,6.92,0,-22.3,0,0,0,0,0,2.6255,6.4,0,0,4.9,0,0,0,0,0.0572958,0,0,0,0,95,0,0,0,0,0,0,55,0,0.00034,0.00034,0,0,0,0,0,0.8,0,0,0,0,0,0,1,0,0,0,0,0,0,0,0,99,0,,0,0,0,0,
21,9.22,0,-24.09,0,0,0,0,0,3.763,8.4125,0,0,5.1,0,0,0,0,0.0572958,0,0,0,0,96,0,0,0,0,0,0,55,0,0.00034,0.00034,0,0,0,0,0,0.8,0,0,0,0,0,0,1,0,0,0,0,0,0,0,0,99,0,,0,0,0,0,
23,6.05,0,-1.66,0,0,0,0,0,0.1755,6.05,-0.125,0,-6.3,0,0,0,0,0.0572958,0,0,0,0,98,0,0,0,0,0,0,55,0,0.00034,0.00034,0,0,0,0,0,1.8,0,0,0,0,0,0,1,0,0,0,0,0,0,0,0,98,0,,0,0,0,0,
24,10.52,-0.08,-50.68,0,0,0,0,0,8.138,6.6625,0,-0.125,22.7,0,0,0,0,0.0572958,0,0,0,0,65,0,0,0,0,0,0,55,0,0.00034,0.00034,0,0,0,0,0,0.8,0,0,0,0,0,0,1,0,0,0,0,0,0,0,0,95,0,,0,0,0,0,
76,6.32,0,13.61,0,0,0,0,0,-1.487,6.1375,0,0,5.7,0,0,0,0,0.0572958,0,0,0,0,98,0,0,0,0,0,0,55,0,0.00034,0.00034,0,0,0,0,0,6.2,0,0,0,0,0,0,1,0,0,0,0,0,0,0,0,98,0,,0,0,0,0,
115,11.42,-0.12,11.04,0,0,0,0,0,-2.187,11.2125,0,-0.125,-16.3,0,0,0,0,0.0572958,0,0,0,0,65,0,0,0,0,0,0,55,0,0.00034,0.00034,0,0,0,0,0,0.8,0,0,0,0,0,0,1,0,0,0,0,0,0,0,0,99,0,,0,0,0,0,
END,Total:7
START,FrameNb:132,CameraNb:0,HeSaiNb:0,ARS410Nb:0
2026/08/02 16:23:55:949---->
heightOffset:0,1785659035949,1325621,selfCaliBufCnt:0,selfAccObjCnt:0,selfAccAngle:0,installHAngleOffset:0,Interpolation:0,installVAngleOffset:0,radarOffsetH:0,radarOffsetV:0.32,Polynom:-0.001023;-0.0511;-2.047;0;0;0;-0.001023;-0.0511;-2.047;-25.5;0;0,WheelDirection:0;0;0;0,selfAngleOffset:0,selfAngleOffsetPit:0,currCaliAngleHrz:0,currCaliAnglePit:0,selfCaliAngleHrz:0,selfCaliAnglePit:0,servCaliAngleHrz:0,servCaliAnglePit:0,offlineCaliAngleHrz:0,offlineCaliAnglePit:0,determine2useFlag:0,IMU_Z_Accel:0,IMU_X_AngularRate:0,IMU_Y_AngularRate:0,IMU_RollAngle:0,IMU_PitchAngle:0,IMU_YawAngle:0,FcwID:0,FCWWarningLevel:0,FCWTTC:0
16,16.56,0,17.84,0,0,0,0,0,-5.0745,15.7625,0,0,-17.7,0,0,0,0,0.0572958,0,0,0,0,96,0,0,0,0,0,0,57,0,0.00034,0.00034,0,0,0,0,0,0.8,0,0,0,0,0,0,1,0,0,0,0,0,0,0,0,30,0,,0,0,0,0,
20,6.92,0,-22.3,0,0,0,0,0,2.6255,6.4,0,0,4.9,0,0,0,0,0.0572958,0,0,0,0,95,0,0,0,0,0,0,57,0,0.00034,0.00034,0,0,0,0,0,0.8,0,0,0,0,0,0,1,0,0,0,0,0,0,0,0,99,0,,0,0,0,0,
21,9.22,0,-24.09,0,0,0,0,0,3.763,8.4125,0,0,4.9,0,0,0,0,0.0572958,0,0,0,0,96,0,0,0,0,0,0,57,0,0.00034,0.00034,0,0,0,0,0,0.8,0,0,0,0,0,0,1,0,0,0,0,0,0,0,0,99,0,,0,0,0,0,
23,6.05,0,-1.66,0,0,0,0,0,0.1755,6.05,-0.125,0,-6.3,0,0,0,0,0.0572958,0,0,0,0,98,0,0,0,0,0,0,57,0,0.00034,0.00034,0,0,0,0,0,1.8,0,0,0,0,0,0,1,0,0,0,0,0,0,0,0,98,0,,0,0,0,0,
24,10.52,-0.08,-50.68,0,0,0,0,0,8.138,6.6625,0,-0.125,22.5,0,0,0,0,0.0572958,0,0,0,0,65,0,0,0,0,0,0,57,0,0.00034,0.00034,0,0,0,0,0,0.8,0,0,0,0,0,0,1,0,0,0,0,0,0,0,0,95,0,,0,0,0,0,
76,6.32,0,13.61,0,0,0,0,0,-1.487,6.1375,0,0,5.7,0,0,0,0,0.0572958,0,0,0,0,98,0,0,0,0,0,0,57,0,0.00034,0.00034,0,0,0,0,0,6.2,0,0,0,0,0,0,1,0,0,0,0,0,0,0,0,98,0,,0,0,0,0,
115,11.42,-0.12,11.04,0,0,0,0,0,-2.187,11.2125,0,-0.125,-16.3,0,0,0,0,0.0572958,0,0,0,0,65,0,0,0,0,0,0,57,0,0.00034,0.00034,0,0,0,0,0,0.8,0,0,0,0,0,0,1,0,0,0,0,0,0,0,0,99,0,,0,0,0,0,
END,Total:7
START,FrameNb:133,CameraNb:0,HeSaiNb:0,ARS410Nb:0
2026/08/02 16:23:55:977---->
heightOffset:0,1785659035977,1325671,selfCaliBufCnt:0,selfAccObjCnt:0,selfAccAngle:0,installHAngleOffset:0,Interpolation:0,installVAngleOffset:0,radarOffsetH:0,radarOffsetV:0.32,Polynom:-0.001023;-0.0511;-2.047;0;0;0;-0.001023;-0.0511;-2.047;-25.5;0;0,WheelDirection:0;0;0;0,selfAngleOffset:0,selfAngleOffsetPit:0,currCaliAngleHrz:0,currCaliAnglePit:0,selfCaliAngleHrz:0,selfCaliAnglePit:0,servCaliAngleHrz:0,servCaliAnglePit:0,offlineCaliAngleHrz:0,offlineCaliAnglePit:0,determine2useFlag:0,IMU_Z_Accel:0,IMU_X_AngularRate:0,IMU_Y_AngularRate:0,IMU_RollAngle:0,IMU_PitchAngle:0,IMU_YawAngle:0,FcwID:0,FCWWarningLevel:0,FCWTTC:0
16,16.56,-0.12,17.84,0,0,0,0,0,-5.0745,15.7625,0,-0.125,-17.7,0,0,0,0,0.0572958,0,0,0,0,96,0,0,0,0,0,0,54,0,0.00034,0.00034,0,0,0,0,0,0.8,0,0,0,0,0,0,1,0,0,0,0,0,0,0,0,30,0,,0,0,0,0,
20,6.92,0,-22.3,0,0,0,0,0,2.6255,6.4,0,0,4.9,0,0,0,0,0.0572958,0,0,0,0,95,0,0,0,0,0,0,54,0,0.00034,0.00034,0,0,0,0,0,0.8,0,0,0,0,0,0,1,0,0,0,0,0,0,0,0,99,0,,0,0,0,0,
21,9.22,0,-24.09,0,0,0,0,0,3.763,8.4125,0,0,4.9,0,0,0,0,0.0572958,0,0,0,0,96,0,0,0,0,0,0,54,0,0.00034,0.00034,0,0,0,0,0,0.8,0,0,0,0,0,0,1,0,0,0,0,0,0,0,0,99,0,,0,0,0,0,
23,6.05,0,-1.66,0,0,0,0,0,0.1755,6.05,-0.125,0,-6.3,0,0,0,0,0.0572958,0,0,0,0,98,0,0,0,0,0,0,54,0,0.00034,0.00034,0,0,0,0,0,1.8,0,0,0,0,0,0,1,0,0,0,0,0,0,0,0,98,0,,0,0,0,0,
24,10.52,-0.08,-50.68,0,0,0,0,0,8.138,6.6625,0,-0.125,22.5,0,0,0,0,0.0572958,0,0,0,0,65,0,0,0,0,0,0,54,0,0.00034,0.00034,0,0,0,0,0,0.8,0,0,0,0,0,0,1,0,0,0,0,0,0,0,0,96,0,,0,0,0,0,
76,6.32,0,13.61,0,0,0,0,0,-1.487,6.1375,0,0,5.7,0,0,0,0,0.0572958,0,0,0,0,98,0,0,0,0,0,0,54,0,0.00034,0.00034,0,0,0,0,0,6.2,0,0,0,0,0,0,1,0,0,0,0,0,0,0,0,98,0,,0,0,0,0,
115,11.42,-0.12,11.04,0,0,0,0,0,-2.187,11.2125,0,-0.125,-16.3,0,0,0,0,0.0572958,0,0,0,0,65,0,0,0,0,0,0,54,0,0.00034,0.00034,0,0,0,0,0,0.8,0,0,0,0,0,0,1,0,0,0,0,0,0,0,0,99,0,,0,0,0,0,
END,Total:7
START,FrameNb:134,CameraNb:0,HeSaiNb:0,ARS410Nb:0
2026/08/02 16:23:56:036---->
heightOffset:0,1785659036036,1325721,selfCaliBufCnt:0,selfAccObjCnt:0,selfAccAngle:0,installHAngleOffset:0,Interpolation:0,installVAngleOffset:0,radarOffsetH:0,radarOffsetV:0.32,Polynom:-0.001023;-0.0511;-2.047;0;0;0;-0.001023;-0.0511;-2.047;-25.5;0;0,WheelDirection:0;0;0;0,selfAngleOffset:0,selfAngleOffsetPit:0,currCaliAngleHrz:0,currCaliAnglePit:0,selfCaliAngleHrz:0,selfCaliAnglePit:0,servCaliAngleHrz:0,servCaliAnglePit:0,offlineCaliAngleHrz:0,offlineCaliAnglePit:0,determine2useFlag:0,IMU_Z_Accel:0,IMU_X_AngularRate:0,IMU_Y_AngularRate:0,IMU_RollAngle:0,IMU_PitchAngle:0,IMU_YawAngle:0,FcwID:0,FCWWarningLevel:0,FCWTTC:0
16,16.56,-0.12,17.84,0,0,0,0,0,-5.0745,15.7625,0,-0.125,-17.7,0,0,0,0,0.0572958,0,0,0,0,96,0,0,0,0,0,0,61,0,0.00034,0.00034,0,0,0,0,0,0.8,0,0,0,0,0,0,1,0,0,0,0,0,0,0,0,30,0,,0,0,0,0,
20,6.92,0,-22.3,0,0,0,0,0,2.6255,6.4,0,0,4.9,0,0,0,0,0.0572958,0,0,0,0,95,0,0,0,0,0,0,61,0,0.00034,0.00034,0,0,0,0,0,0.8,0,0,0,0,0,0,1,0,0,0,0,0,0,0,0,99,0,,0,0,0,0,
21,9.22,0,-24.09,0,0,0,0,0,3.763,8.4125,0,0,4.9,0,0,0,0,0.0572958,0,0,0,0,96,0,0,0,0,0,0,61,0,0.00034,0.00034,0,0,0,0,0,0.8,0,0,0,0,0,0,1,0,0,0,0,0,0,0,0,99,0,,0,0,0,0,
23,6.05,0,-1.66,0,0,0,0,0,0.1755,6.05,-0.125,0,-6.3,0,0,0,0,0.0572958,0,0,0,0,98,0,0,0,0,0,0,61,0,0.00034,0.00034,0,0,0,0,0,1.8,0,0,0,0,0,0,1,0,0,0,0,0,0,0,0,98,0,,0,0,0,0,
24,10.52,-0.08,-50.68,0,0,0,0,0,8.138,6.6625,0,-0.125,22.5,0,0,0,0,0.0572958,0,0,0,0,65,0,0,0,0,0,0,61,0,0.00034,0.00034,0,0,0,0,0,0.8,0,0,0,0,0,0,1,0,0,0,0,0,0,0,0,97,0,,0,0,0,0,
76,6.32,0,13.61,0,0,0,0,0,-1.487,6.1375,0,0,5.7,0,0,0,0,0.0572958,0,0,0,0,98,0,0,0,0,0,0,61,0,0.00034,0.00034,0,0,0,0,0,6.2,0,0,0,0,0,0,1,0,0,0,0,0,0,0,0,98,0,,0,0,0,0,
115,11.42,-0.12,11.04,0,0,0,0,0,-2.187,11.2125,0,-0.125,-16.3,0,0,0,0,0.0572958,0,0,0,0,65,0,0,0,0,0,0,61,0,0.00034,0.00034,0,0,0,0,0,0.8,0,0,0,0,0,0,1,0,0,0,0,0,0,0,0,99,0,,0,0,0,0,
END,Total:7
START,FrameNb:135,CameraNb:0,HeSaiNb:0,ARS410Nb:0
2026/08/02 16:23:56:086---->
heightOffset:0,1785659036086,1325771,selfCaliBufCnt:0,selfAccObjCnt:0,selfAccAngle:0,installHAngleOffset:0,Interpolation:0,installVAngleOffset:0,radarOffsetH:0,radarOffsetV:0.32,Polynom:-0.001023;-0.0511;-2.047;0;0;0;-0.001023;-0.0511;-2.047;-25.5;0;0,WheelDirection:0;0;0;0,selfAngleOffset:0,selfAngleOffsetPit:0,currCaliAngleHrz:0,currCaliAnglePit:0,selfCaliAngleHrz:0,selfCaliAnglePit:0,servCaliAngleHrz:0,servCaliAnglePit:0,offlineCaliAngleHrz:0,offlineCaliAnglePit:0,determine2useFlag:0,IMU_Z_Accel:0,IMU_X_AngularRate:0,IMU_Y_AngularRate:0,IMU_RollAngle:0,IMU_PitchAngle:0,IMU_YawAngle:0,FcwID:0,FCWWarningLevel:0,FCWTTC:0
16,16.56,-0.12,17.84,0,0,0,0,0,-5.0745,15.7625,0,-0.125,-17.7,0,0,0,0,0.0572958,0,0,0,0,96,0,0,0,0,0,0,60,0,0.00034,0.00034,0,0,0,0,0,0.8,0,0,0,0,0,0,1,0,0,0,0,0,0,0,0,30,0,,0,0,0,0,
20,6.92,0,-22.3,0,0,0,0,0,2.6255,6.4,0,0,4.9,0,0,0,0,0.0572958,0,0,0,0,94,0,0,0,0,0,0,60,0,0.00034,0.00034,0,0,0,0,0,1.2,0,0,0,0,0,0,1,0,0,0,0,0,0,0,0,99,0,,0,0,0,0,
21,9.22,0,-24.09,0,0,0,0,0,3.763,8.4125,0,0,4.9,0,0,0,0,0.0572958,0,0,0,0,96,0,0,0,0,0,0,60,0,0.00034,0.00034,0,0,0,0,0,0.8,0,0,0,0,0,0,1,0,0,0,0,0,0,0,0,99,0,,0,0,0,0,
23,6.05,0,-1.66,0,0,0,0,0,0.1755,6.05,-0.125,0,-6.3,0,0,0,0,0.0572958,0,0,0,0,98,0,0,0,0,0,0,60,0,0.00034,0.00034,0,0,0,0,0,1.8,0,0,0,0,0,0,1,0,0,0,0,0,0,0,0,98,0,,0,0,0,0,
24,10.52,-0.08,-50.68,0,0,0,0,0,8.138,6.6625,0,-0.125,22.5,0,0,0,0,0.0572958,0,0,0,0,65,0,0,0,0,0,0,60,0,0.00034,0.00034,0,0,0,0,0,0.8,0,0,0,0,0,0,1,0,0,0,0,0,0,0,0,97,0,,0,0,0,0,
76,6.32,0,13.61,0,0,0,0,0,-1.487,6.1375,0,0,5.7,0,0,0,0,0.0572958,0,0,0,0,98,0,0,0,0,0,0,60,0,0.00034,0.00034,0,0,0,0,0,6.2,0,0,0,0,0,0,1,0,0,0,0,0,0,0,0,98,0,,0,0,0,0,
115,11.42,-0.12,11.04,0,0,0,0,0,-2.187,11.2125,0,-0.125,-16.3,0,0,0,0,0.0572958,0,0,0,0,65,0,0,0,0,0,0,60,0,0.00034,0.00034,0,0,0,0,0,0.8,0,0,0,0,0,0,1,0,0,0,0,0,0,0,0,99,0,,0,0,0,0,
END,Total:7
START,FrameNb:136,CameraNb:0,HeSaiNb:0,ARS410Nb:0
2026/08/02 16:23:56:148---->
heightOffset:0,1785659036148,1325821,selfCaliBufCnt:0,selfAccObjCnt:0,selfAccAngle:0,installHAngleOffset:0,Interpolation:0,installVAngleOffset:0,radarOffsetH:0,radarOffsetV:0.32,Polynom:-0.001023;-0.0511;-2.047;0;0;0;-0.001023;-0.0511;-2.047;-25.5;0;0,WheelDirection:0;0;0;0,selfAngleOffset:0,selfAngleOffsetPit:0,currCaliAngleHrz:0,currCaliAnglePit:0,selfCaliAngleHrz:0,selfCaliAnglePit:0,servCaliAngleHrz:0,servCaliAnglePit:0,offlineCaliAngleHrz:0,offlineCaliAnglePit:0,determine2useFlag:0,IMU_Z_Accel:0,IMU_X_AngularRate:0,IMU_Y_AngularRate:0,IMU_RollAngle:0,IMU_PitchAngle:0,IMU_YawAngle:0,FcwID:0,FCWWarningLevel:0,FCWTTC:0
16,16.56,-0.12,17.84,0,0,0,0,0,-5.0745,15.7625,0,-0.125,-17.7,0,0,0,0,0.0572958,0,0,0,0,96,0,0,0,0,0,0,59,0,0.00034,0.00034,0,0,0,0,0,0.8,0,0,0,0,0,0,1,0,0,0,0,0,0,0,0,30,0,,0,0,0,0,
20,6.92,0,-22.3,0,0,0,0,0,2.6255,6.4,0,0,4.9,0,0,0,0,0.0572958,0,0,0,0,94,0,0,0,0,0,0,59,0,0.00034,0.00034,0,0,0,0,0,1,0,0,0,0,0,0,1,0,0,0,0,0,0,0,0,99,0,,0,0,0,0,
21,9.22,0,-24.09,0,0,0,0,0,3.763,8.4125,0,0,4.9,0,0,0,0,0.0572958,0,0,0,0,96,0,0,0,0,0,0,59,0,0.00034,0.00034,0,0,0,0,0,0.8,0,0,0,0,0,0,1,0,0,0,0,0,0,0,0,99,0,,0,0,0,0,
23,6.05,0,-1.66,0,0,0,0,0,0.1755,6.05,0,0,-6.3,0,0,0,0,0.0572958,0,0,0,0,98,0,0,0,0,0,0,59,0,0.00034,0.00034,0,0,0,0,0,1.6,0,0,0,0,0,0,1,0,0,0,0,0,0,0,0,98,0,,0,0,0,0,
24,10.52,-0.08,-50.68,0,0,0,0,0,8.138,6.6625,0,-0.125,22.5,0,0,0,0,0.0572958,0,0,0,0,65,0,0,0,0,0,0,59,0,0.00034,0.00034,0,0,0,0,0,0.8,0,0,0,0,0,0,1,0,0,0,0,0,0,0,0,98,0,,0,0,0,0,
76,6.32,0,13.61,0,0,0,0,0,-1.487,6.1375,0,0,5.7,0,0,0,0,0.0572958,0,0,0,0,98,0,0,0,0,0,0,59,0,0.00034,0.00034,0,0,0,0,0,6.2,0,0,0,0,0,0,1,0,0,0,0,0,0,0,0,98,0,,0,0,0,0,
115,11.42,-0.12,11.04,0,0,0,0,0,-2.187,11.2125,0,-0.125,-16.3,0,0,0,0,0.0572958,0,0,0,0,65,0,0,0,0,0,0,59,0,0.00034,0.00034,0,0,0,0,0,0.8,0,0,0,0,0,0,1,0,0,0,0,0,0,0,0,99,0,,0,0,0,0,
END,Total:7
START,FrameNb:137,CameraNb:0,HeSaiNb:0,ARS410Nb:0
2026/08/02 16:23:56:179---->
heightOffset:0,1785659036179,1325872,selfCaliBufCnt:0,selfAccObjCnt:0,selfAccAngle:0,installHAngleOffset:0,Interpolation:0,installVAngleOffset:0,radarOffsetH:0,radarOffsetV:0.32,Polynom:-0.001023;-0.0511;-2.047;0;0;0;-0.001023;-0.0511;-2.047;-25.5;0;0,WheelDirection:0;0;0;0,selfAngleOffset:0,selfAngleOffsetPit:0,currCaliAngleHrz:0,currCaliAnglePit:0,selfCaliAngleHrz:0,selfCaliAnglePit:0,servCaliAngleHrz:0,servCaliAnglePit:0,offlineCaliAngleHrz:0,offlineCaliAnglePit:0,determine2useFlag:0,IMU_Z_Accel:0,IMU_X_AngularRate:0,IMU_Y_AngularRate:0,IMU_RollAngle:0,IMU_PitchAngle:0,IMU_YawAngle:0,FcwID:0,FCWWarningLevel:0,FCWTTC:0
16,16.56,-0.12,17.84,0,0,0,0,0,-5.0745,15.7625,0,-0.125,-17.7,0,0,0,0,0.0572958,0,0,0,0,96,0,0,0,0,0,0,54,0,0.00034,0.00034,0,0,0,0,0,0.8,0,0,0,0,0,0,1,0,0,0,0,0,0,0,0,30,0,,0,0,0,0,
20,6.92,0,-22.3,0,0,0,0,0,2.6255,6.4,0,0,4.9,0,0,0,0,0.0572958,0,0,0,0,94,0,0,0,0,0,0,54,0,0.00034,0.00034,0,0,0,0,0,1,0,0,0,0,0,0,1,0,0,0,0,0,0,0,0,99,0,,0,0,0,0,
21,9.22,0,-24.09,0,0,0,0,0,3.763,8.4125,0,0,4.9,0,0,0,0,0.0572958,0,0,0,0,96,0,0,0,0,0,0,54,0,0.00034,0.00034,0,0,0,0,0,0.8,0,0,0,0,0,0,1,0,0,0,0,0,0,0,0,99,0,,0,0,0,0,
23,6.05,0,-1.66,0,0,0,0,0,0.1755,6.05,0,0,-6.3,0,0,0,0,0.0572958,0,0,0,0,98,0,0,0,0,0,0,54,0,0.00034,0.00034,0,0,0,0,0,1.6,0,0,0,0,0,0,1,0,0,0,0,0,0,0,0,98,0,,0,0,0,0,
24,10.52,-0.08,-50.68,0,0,0,0,0,8.138,6.6625,0,-0.125,22.5,0,0,0,0,0.0572958,0,0,0,0,65,0,0,0,0,0,0,54,0,0.00034,0.00034,0,0,0,0,0,0.8,0,0,0,0,0,0,1,0,0,0,0,0,0,0,0,98,0,,0,0,0,0,
76,6.32,0,13.61,0,0,0,0,0,-1.487,6.1375,0,0,5.7,0,0,0,0,0.0572958,0,0,0,0,98,0,0,0,0,0,0,54,0,0.00034,0.00034,0,0,0,0,0,6.2,0,0,0,0,0,0,1,0,0,0,0,0,0,0,0,98,0,,0,0,0,0,
115,11.42,-0.12,11.04,0,0,0,0,0,-2.187,11.2125,0,-0.125,-16.3,0,0,0,0,0.0572958,0,0,0,0,65,0,0,0,0,0,0,54,0,0.00034,0.00034,0,0,0,0,0,0.8,0,0,0,0,0,0,1,0,0,0,0,0,0,0,0,99,0,,0,0,0,0,
END,Total:7
START,FrameNb:138,CameraNb:0,HeSaiNb:0,ARS410Nb:0
2026/08/02 16:23:56:231---->
heightOffset:0,1785659036231,1325921,selfCaliBufCnt:0,selfAccObjCnt:0,selfAccAngle:0,installHAngleOffset:0,Interpolation:0,installVAngleOffset:0,radarOffsetH:0,radarOffsetV:0.32,Polynom:-0.001023;-0.0511;-2.047;0;0;0;-0.001023;-0.0511;-2.047;-25.5;0;0,WheelDirection:0;0;0;0,selfAngleOffset:0,selfAngleOffsetPit:0,currCaliAngleHrz:0,currCaliAnglePit:0,selfCaliAngleHrz:0,selfCaliAnglePit:0,servCaliAngleHrz:0,servCaliAnglePit:0,offlineCaliAngleHrz:0,offlineCaliAnglePit:0,determine2useFlag:0,IMU_Z_Accel:0,IMU_X_AngularRate:0,IMU_Y_AngularRate:0,IMU_RollAngle:0,IMU_PitchAngle:0,IMU_YawAngle:0,FcwID:0,FCWWarningLevel:0,FCWTTC:0
16,16.56,-0.12,17.84,0,0,0,0,0,-5.0745,15.7625,0,-0.125,-17.7,0,0,0,0,0.0572958,0,0,0,0,96,0,0,0,0,0,0,54,0,0.00034,0.00034,0,0,0,0,0,0.8,0,0,0,0,0,0,1,0,0,0,0,0,0,0,0,30,0,,0,0,0,0,
20,6.92,0,-22.3,0,0,0,0,0,2.6255,6.4,0,0,4.9,0,0,0,0,0.0572958,0,0,0,0,94,0,0,0,0,0,0,54,0,0.00034,0.00034,0,0,0,0,0,1,0,0,0,0,0,0,1,0,0,0,0,0,0,0,0,99,0,,0,0,0,0,
21,9.22,0,-24.09,0,0,0,0,0,3.763,8.4125,0,0,4.9,0,0,0,0,0.0572958,0,0,0,0,96,0,0,0,0,0,0,54,0,0.00034,0.00034,0,0,0,0,0,0.8,0,0,0,0,0,0,1,0,0,0,0,0,0,0,0,99,0,,0,0,0,0,
23,6.05,0,-1.66,0,0,0,0,0,0.1755,6.05,0,0,-6.3,0,0,0,0,0.0572958,0,0,0,0,98,0,0,0,0,0,0,54,0,0.00034,0.00034,0,0,0,0,0,1.6,0,0,0,0,0,0,1,0,0,0,0,0,0,0,0,98,0,,0,0,0,0,
24,10.52,-0.08,-50.68,0,0,0,0,0,8.138,6.6625,0,-0.125,22.5,0,0,0,0,0.0572958,0,0,0,0,65,0,0,0,0,0,0,54,0,0.00034,0.00034,0,0,0,0,0,0.8,0,0,0,0,0,0,1,0,0,0,0,0,0,0,0,98,0,,0,0,0,0,
76,6.32,0,13.61,0,0,0,0,0,-1.487,6.1375,0,0,5.7,0,0,0,0,0.0572958,0,0,0,0,98,0,0,0,0,0,0,54,0,0.00034,0.00034,0,0,0,0,0,6.2,0,0,0,0,0,0,1,0,0,0,0,0,0,0,0,98,0,,0,0,0,0,
115,11.42,0,11.04,0,0,0,0,0,-2.187,11.2125,0,0,-16.3,0,0,0,0,0.0572958,0,0,0,0,65,0,0,0,0,0,0,54,0,0.00034,0.00034,0,0,0,0,0,0.8,0,0,0,0,0,0,1,0,0,0,0,0,0,0,0,99,0,,0,0,0,0,
END,Total:7
START,FrameNb:139,CameraNb:0,HeSaiNb:0,ARS410Nb:0
2026/08/02 16:23:56:293---->
heightOffset:0,1785659036293,1325972,selfCaliBufCnt:0,selfAccObjCnt:0,selfAccAngle:0,installHAngleOffset:0,Interpolation:0,installVAngleOffset:0,radarOffsetH:0,radarOffsetV:0.32,Polynom:-0.001023;-0.0511;-2.047;0;0;0;-0.001023;-0.0511;-2.047;-25.5;0;0,WheelDirection:0;0;0;0,selfAngleOffset:0,selfAngleOffsetPit:0,currCaliAngleHrz:0,currCaliAnglePit:0,selfCaliAngleHrz:0,selfCaliAnglePit:0,servCaliAngleHrz:0,servCaliAnglePit:0,offlineCaliAngleHrz:0,offlineCaliAnglePit:0,determine2useFlag:0,IMU_Z_Accel:0,IMU_X_AngularRate:0,IMU_Y_AngularRate:0,IMU_RollAngle:0,IMU_PitchAngle:0,IMU_YawAngle:0,FcwID:0,FCWWarningLevel:0,FCWTTC:0
16,16.56,-0.12,17.84,0,0,0,0,0,-5.0745,15.7625,0,-0.125,-17.7,0,0,0,0,0.0572958,0,0,0,0,96,0,0,0,0,0,0,59,0,0.00034,0.00034,0,0,0,0,0,0.8,0,0,0,0,0,0,1,0,0,0,0,0,0,0,0,30,0,,0,0,0,0,
20,6.92,0,-22.3,0,0,0,0,0,2.6255,6.4,0,0,4.9,0,0,0,0,0.0572958,0,0,0,0,94,0,0,0,0,0,0,59,0,0.00034,0.00034,0,0,0,0,0,1,0,0,0,0,0,0,1,0,0,0,0,0,0,0,0,99,0,,0,0,0,0,
21,9.22,0,-24.09,0,0,0,0,0,3.763,8.4125,0,0,4.9,0,0,0,0,0.0572958,0,0,0,0,96,0,0,0,0,0,0,59,0,0.00034,0.00034,0,0,0,0,0,0.8,0,0,0,0,0,0,1,0,0,0,0,0,0,0,0,99,0,,0,0,0,0,
23,6.05,0,-1.66,0,0,0,0,0,0.1755,6.05,0,0,-6.3,0,0,0,0,0.0572958,0,0,0,0,98,0,0,0,0,0,0,59,0,0.00034,0.00034,0,0,0,0,0,1.8,0,0,0,0,0,0,1,0,0,0,0,0,0,0,0,98,0,,0,0,0,0,
24,10.52,-0.08,-50.68,0,0,0,0,0,8.138,6.6625,0,-0.125,22.5,0,0,0,0,0.0572958,0,0,0,0,65,0,0,0,0,0,0,59,0,0.00034,0.00034,0,0,0,0,0,0.8,0,0,0,0,0,0,1,0,0,0,0,0,0,0,0,98,0,,0,0,0,0,
76,6.32,0,13.61,0,0,0,0,0,-1.487,6.1375,0,0,5.7,0,0,0,0,0.0572958,0,0,0,0,98,0,0,0,0,0,0,59,0,0.00034,0.00034,0,0,0,0,0,6.2,0,0,0,0,0,0,1,0,0,0,0,0,0,0,0,98,0,,0,0,0,0,
115,11.42,0,11.04,0,0,0,0,0,-2.187,11.2125,0,0,-16.3,0,0,0,0,0.0572958,0,0,0,0,65,0,0,0,0,0,0,59,0,0.00034,0.00034,0,0,0,0,0,0.8,0,0,0,0,0,0,1,0,0,0,0,0,0,0,0,99,0,,0,0,0,0,
END,Total:7
START,FrameNb:140,CameraNb:0,HeSaiNb:0,ARS410Nb:0
2026/08/02 16:23:56:335---->
heightOffset:0,1785659036335,1326021,selfCaliBufCnt:0,selfAccObjCnt:0,selfAccAngle:0,installHAngleOffset:0,Interpolation:0,installVAngleOffset:0,radarOffsetH:0,radarOffsetV:0.32,Polynom:-0.001023;-0.0511;-2.047;0;0;0;-0.001023;-0.0511;-2.047;-25.5;0;0,WheelDirection:0;0;0;0,selfAngleOffset:0,selfAngleOffsetPit:0,currCaliAngleHrz:0,currCaliAnglePit:0,selfCaliAngleHrz:0,selfCaliAnglePit:0,servCaliAngleHrz:0,servCaliAnglePit:0,offlineCaliAngleHrz:0,offlineCaliAnglePit:0,determine2useFlag:0,IMU_Z_Accel:0,IMU_X_AngularRate:0,IMU_Y_AngularRate:0,IMU_RollAngle:0,IMU_PitchAngle:0,IMU_YawAngle:0,FcwID:0,FCWWarningLevel:0,FCWTTC:0
16,16.56,0,17.84,0,0,0,0,0,-5.0745,15.7625,0,0,-17.7,0,0,0,0,0.0572958,0,0,0,0,96,0,0,0,0,0,0,54,0,0.00034,0.00034,0,0,0,0,0,0.8,0,0,0,0,0,0,1,0,0,0,0,0,0,0,0,30,0,,0,0,0,0,
20,6.92,0,-22.3,0,0,0,0,0,2.6255,6.4,0,0,4.9,0,0,0,0,0.0572958,0,0,0,0,94,0,0,0,0,0,0,54,0,0.00034,0.00034,0,0,0,0,0,1,0,0,0,0,0,0,1,0,0,0,0,0,0,0,0,99,0,,0,0,0,0,
21,9.22,0,-24.09,0,0,0,0,0,3.763,8.4125,0,0,5.1,0,0,0,0,0.0572958,0,0,0,0,96,0,0,0,0,0,0,54,0,0.00034,0.00034,0,0,0,0,0,0.8,0,0,0,0,0,0,1,0,0,0,0,0,0,0,0,99,0,,0,0,0,0,
23,6.05,0,-1.66,0,0,0,0,0,0.1755,6.05,0,0,-6.3,0,0,0,0,0.0572958,0,0,0,0,98,0,0,0,0,0,0,54,0,0.00034,0.00034,0,0,0,0,0,1.8,0,0,0,0,0,0,1,0,0,0,0,0,0,0,0,98,0,,0,0,0,0,
24,10.52,-0.08,-50.68,0,0,0,0,0,8.138,6.6625,0,-0.125,22.3,0,0,0,0,0.0572958,0,0,0,0,65,0,0,0,0,0,0,54,0,0.00034,0.00034,0,0,0,0,0,0.8,0,0,0,0,0,0,1,0,0,0,0,0,0,0,0,98,0,,0,0,0,0,
76,6.32,0,13.61,0,0,0,0,0,-1.487,6.1375,0,0,5.7,0,0,0,0,0.0572958,0,0,0,0,98,0,0,0,0,0,0,54,0,0.00034,0.00034,0,0,0,0,0,6.2,0,0,0,0,0,0,1,0,0,0,0,0,0,0,0,98,0,,0,0,0,0,
115,11.42,0,11.04,0,0,0,0,0,-2.187,11.2125,0,0,-16.3,0,0,0,0,0.0572958,0,0,0,0,65,0,0,0,0,0,0,54,0,0.00034,0.00034,0,0,0,0,0,0.8,0,0,0,0,0,0,1,0,0,0,0,0,0,0,0,99,0,,0,0,0,0,
END,Total:7
START,FrameNb:141,CameraNb:0,HeSaiNb:0,ARS410Nb:0
2026/08/02 16:23:56:387---->
heightOffset:0,1785659036387,1326071,selfCaliBufCnt:0,selfAccObjCnt:0,selfAccAngle:0,installHAngleOffset:0,Interpolation:0,installVAngleOffset:0,radarOffsetH:0,radarOffsetV:0.32,Polynom:-0.001023;-0.0511;-2.047;0;0;0;-0.001023;-0.0511;-2.047;-25.5;0;0,WheelDirection:0;0;0;0,selfAngleOffset:0,selfAngleOffsetPit:0,currCaliAngleHrz:0,currCaliAnglePit:0,selfCaliAngleHrz:0,selfCaliAnglePit:0,servCaliAngleHrz:0,servCaliAnglePit:0,offlineCaliAngleHrz:0,offlineCaliAnglePit:0,determine2useFlag:0,IMU_Z_Accel:0,IMU_X_AngularRate:0,IMU_Y_AngularRate:0,IMU_RollAngle:0,IMU_PitchAngle:0,IMU_YawAngle:0,FcwID:0,FCWWarningLevel:0,FCWTTC:0
16,16.56,0,17.84,0,0,0,0,0,-5.0745,15.7625,0,0,-17.7,0,0,0,0,0.0572958,0,0,0,0,96,0,0,0,0,0,0,61,0,0.00034,0.00034,0,0,0,0,0,0.8,0,0,0,0,0,0,1,0,0,0,0,0,0,0,0,30,0,,0,0,0,0,
20,6.92,0,-22.3,0,0,0,0,0,2.6255,6.4,0,0,4.9,0,0,0,0,0.0572958,0,0,0,0,94,0,0,0,0,0,0,61,0,0.00034,0.00034,0,0,0,0,0,1,0,0,0,0,0,0,1,0,0,0,0,0,0,0,0,99,0,,0,0,0,0,
21,9.22,0,-24.09,0,0,0,0,0,3.763,8.4125,0,0,5.3,0,0,0,0,0.0572958,0,0,0,0,96,0,0,0,0,0,0,61,0,0.00034,0.00034,0,0,0,0,0,0.8,0,0,0,0,0,0,1,0,0,0,0,0,0,0,0,99,0,,0,0,0,0,
23,6.05,0,-1.66,0,0,0,0,0,0.1755,6.05,-0.125,0,-6.3,0,0,0,0,0.0572958,0,0,0,0,98,0,0,0,0,0,0,61,0,0.00034,0.00034,0,0,0,0,0,1.8,0,0,0,0,0,0,1,0,0,0,0,0,0,0,0,98,0,,0,0,0,0,
24,10.52,-0.08,-50.68,0,0,0,0,0,8.138,6.6625,0,-0.125,22.3,0,0,0,0,0.0572958,0,0,0,0,65,0,0,0,0,0,0,61,0,0.00034,0.00034,0,0,0,0,0,0.8,0,0,0,0,0,0,1,0,0,0,0,0,0,0,0,99,0,,0,0,0,0,
76,6.32,0,13.61,0,0,0,0,0,-1.487,6.1375,0,0,5.7,0,0,0,0,0.0572958,0,0,0,0,98,0,0,0,0,0,0,61,0,0.00034,0.00034,0,0,0,0,0,6.2,0,0,0,0,0,0,1,0,0,0,0,0,0,0,0,98,0,,0,0,0,0,
115,11.42,0,11.04,0,0,0,0,0,-2.187,11.2125,0,0,-16.3,0,0,0,0,0.0572958,0,0,0,0,65,0,0,0,0,0,0,61,0,0.00034,0.00034,0,0,0,0,0,0.8,0,0,0,0,0,0,1,0,0,0,0,0,0,0,0,99,0,,0,0,0,0,
END,Total:7
START,FrameNb:142,CameraNb:0,HeSaiNb:0,ARS410Nb:0
2026/08/02 16:23:56:429---->
heightOffset:0,1785659036429,1326121,selfCaliBufCnt:0,selfAccObjCnt:0,selfAccAngle:0,installHAngleOffset:0,Interpolation:0,installVAngleOffset:0,radarOffsetH:0,radarOffsetV:0.32,Polynom:-0.001023;-0.0511;-2.047;0;0;0;-0.001023;-0.0511;-2.047;-25.5;0;0,WheelDirection:0;0;0;0,selfAngleOffset:0,selfAngleOffsetPit:0,currCaliAngleHrz:0,currCaliAnglePit:0,selfCaliAngleHrz:0,selfCaliAnglePit:0,servCaliAngleHrz:0,servCaliAnglePit:0,offlineCaliAngleHrz:0,offlineCaliAnglePit:0,determine2useFlag:0,IMU_Z_Accel:0,IMU_X_AngularRate:0,IMU_Y_AngularRate:0,IMU_RollAngle:0,IMU_PitchAngle:0,IMU_YawAngle:0,FcwID:0,FCWWarningLevel:0,FCWTTC:0
16,16.56,0,17.84,0,0,0,0,0,-5.0745,15.7625,0,0,-17.7,0,0,0,0,0.0572958,0,0,0,0,96,0,0,0,0,0,0,59,0,0.00034,0.00034,0,0,0,0,0,0.8,0,0,0,0,0,0,1,0,0,0,0,0,0,0,0,30,0,,0,0,0,0,
20,6.92,0,-22.3,0,0,0,0,0,2.6255,6.4,0,0,4.9,0,0,0,0,0.0572958,0,0,0,0,94,0,0,0,0,0,0,59,0,0.00034,0.00034,0,0,0,0,0,1,0,0,0,0,0,0,1,0,0,0,0,0,0,0,0,99,0,,0,0,0,0,
21,9.22,0,-24.09,0,0,0,0,0,3.763,8.4125,0,0,5.1,0,0,0,0,0.0572958,0,0,0,0,96,0,0,0,0,0,0,59,0,0.00034,0.00034,0,0,0,0,0,0.8,0,0,0,0,0,0,1,0,0,0,0,0,0,0,0,99,0,,0,0,0,0,
23,6.05,0,-1.66,0,0,0,0,0,0.1755,6.05,-0.125,0,-6.3,0,0,0,0,0.0572958,0,0,0,0,98,0,0,0,0,0,0,59,0,0.00034,0.00034,0,0,0,0,0,1.8,0,0,0,0,0,0,1,0,0,0,0,0,0,0,0,98,0,,0,0,0,0,
24,10.52,-0.08,-50.68,0,0,0,0,0,8.138,6.6625,0,-0.125,22.3,0,0,0,0,0.0572958,0,0,0,0,65,0,0,0,0,0,0,59,0,0.00034,0.00034,0,0,0,0,0,0.8,0,0,0,0,0,0,1,0,0,0,0,0,0,0,0,99,0,,0,0,0,0,
76,6.32,0,13.61,0,0,0,0,0,-1.487,6.1375,0,0,5.7,0,0,0,0,0.0572958,0,0,0,0,98,0,0,0,0,0,0,59,0,0.00034,0.00034,0,0,0,0,0,6.2,0,0,0,0,0,0,1,0,0,0,0,0,0,0,0,98,0,,0,0,0,0,
115,11.42,0,11.04,0,0,0,0,0,-2.187,11.2125,0,0,-16.3,0,0,0,0,0.0572958,0,0,0,0,65,0,0,0,0,0,0,59,0,0.00034,0.00034,0,0,0,0,0,0.8,0,0,0,0,0,0,1,0,0,0,0,0,0,0,0,99,0,,0,0,0,0,
END,Total:7
START,FrameNb:143,CameraNb:0,HeSaiNb:0,ARS410Nb:0
2026/08/02 16:23:56:493---->
heightOffset:0,1785659036493,1326171,selfCaliBufCnt:0,selfAccObjCnt:0,selfAccAngle:0,installHAngleOffset:0,Interpolation:0,installVAngleOffset:0,radarOffsetH:0,radarOffsetV:0.32,Polynom:-0.001023;-0.0511;-2.047;0;0;0;-0.001023;-0.0511;-2.047;-25.5;0;0,WheelDirection:0;0;0;0,selfAngleOffset:0,selfAngleOffsetPit:0,currCaliAngleHrz:0,currCaliAnglePit:0,selfCaliAngleHrz:0,selfCaliAnglePit:0,servCaliAngleHrz:0,servCaliAnglePit:0,offlineCaliAngleHrz:0,offlineCaliAnglePit:0,determine2useFlag:0,IMU_Z_Accel:0,IMU_X_AngularRate:0,IMU_Y_AngularRate:0,IMU_RollAngle:0,IMU_PitchAngle:0,IMU_YawAngle:0,FcwID:0,FCWWarningLevel:0,FCWTTC:0
16,16.56,0,17.84,0,0,0,0,0,-5.0745,15.7625,0,0,-17.7,0,0,0,0,0.0572958,0,0,0,0,96,0,0,0,0,0,0,60,0,0.00034,0.00034,0,0,0,0,0,0.8,0,0,0,0,0,0,1,0,0,0,0,0,0,0,0,30,0,,0,0,0,0,
20,6.92,0,-22.3,0,0,0,0,0,2.6255,6.4,0,0,4.9,0,0,0,0,0.0572958,0,0,0,0,94,0,0,0,0,0,0,60,0,0.00034,0.00034,0,0,0,0,0,1,0,0,0,0,0,0,1,0,0,0,0,0,0,0,0,99,0,,0,0,0,0,
21,9.22,0,-24.09,0,0,0,0,0,3.763,8.4125,0,0,5.1,0,0,0,0,0.0572958,0,0,0,0,96,0,0,0,0,0,0,60,0,0.00034,0.00034,0,0,0,0,0,0.8,0,0,0,0,0,0,1,0,0,0,0,0,0,0,0,99,0,,0,0,0,0,
23,6.05,0,-1.66,0,0,0,0,0,0.1755,6.05,-0.125,0,-6.3,0,0,0,0,0.0572958,0,0,0,0,98,0,0,0,0,0,0,60,0,0.00034,0.00034,0,0,0,0,0,1.8,0,0,0,0,0,0,1,0,0,0,0,0,0,0,0,98,0,,0,0,0,0,
24,10.52,-0.08,-50.68,0,0,0,0,0,8.138,6.6625,0,-0.125,22.3,0,0,0,0,0.0572958,0,0,0,0,65,0,0,0,0,0,0,60,0,0.00034,0.00034,0,0,0,0,0,0.8,0,0,0,0,0,0,1,0,0,0,0,0,0,0,0,99,0,,0,0,0,0,
76,6.32,0,13.61,0,0,0,0,0,-1.487,6.1375,-0.125,0,5.7,0,0,0,0,0.0572958,0,0,0,0,98,0,0,0,0,0,0,60,0,0.00034,0.00034,0,0,0,0,0,6.2,0,0,0,0,0,0,1,0,0,0,0,0,0,0,0,98,0,,0,0,0,0,
115,11.42,0,11.04,0,0,0,0,0,-2.187,11.2125,0,0,-16.3,0,0,0,0,0.0572958,0,0,0,0,65,0,0,0,0,0,0,60,0,0.00034,0.00034,0,0,0,0,0,0.8,0,0,0,0,0,0,1,0,0,0,0,0,0,0,0,99,0,,0,0,0,0,
END,Total:7
START,FrameNb:144,CameraNb:0,HeSaiNb:0,ARS410Nb:0
2026/08/02 16:23:56:555---->
heightOffset:0,1785659036555,1326223,selfCaliBufCnt:0,selfAccObjCnt:0,selfAccAngle:0,installHAngleOffset:0,Interpolation:0,installVAngleOffset:0,radarOffsetH:0,radarOffsetV:0.32,Polynom:-0.001023;-0.0511;-2.047;0;0;0;-0.001023;-0.0511;-2.047;-25.5;0;0,WheelDirection:0;0;0;0,selfAngleOffset:0,selfAngleOffsetPit:0,currCaliAngleHrz:0,currCaliAnglePit:0,selfCaliAngleHrz:0,selfCaliAnglePit:0,servCaliAngleHrz:0,servCaliAnglePit:0,offlineCaliAngleHrz:0,offlineCaliAnglePit:0,determine2useFlag:0,IMU_Z_Accel:0,IMU_X_AngularRate:0,IMU_Y_AngularRate:0,IMU_RollAngle:0,IMU_PitchAngle:0,IMU_YawAngle:0,FcwID:0,FCWWarningLevel:0,FCWTTC:0
16,16.56,0,17.84,0,0,0,0,0,-5.0745,15.7625,0,0,-17.7,0,0,0,0,0.0572958,0,0,0,0,96,0,0,0,0,0,0,55,0,0.00034,0.00034,0,0,0,0,0,0.8,0,0,0,0,0,0,1,0,0,0,0,0,0,0,0,30,0,,0,0,0,0,
20,6.92,0,-22.3,0,0,0,0,0,2.6255,6.4,0,0,4.9,0,0,0,0,0.0572958,0,0,0,0,94,0,0,0,0,0,0,55,0,0.00034,0.00034,0,0,0,0,0,1,0,0,0,0,0,0,1,0,0,0,0,0,0,0,0,99,0,,0,0,0,0,
21,9.22,0,-24.09,0,0,0,0,0,3.763,8.4125,0,0,4.9,0,0,0,0,0.0572958,0,0,0,0,96,0,0,0,0,0,0,55,0,0.00034,0.00034,0,0,0,0,0,0.8,0,0,0,0,0,0,1,0,0,0,0,0,0,0,0,99,0,,0,0,0,0,
23,6.05,0,-1.66,0,0,0,0,0,0.1755,6.05,-0.125,0,-6.3,0,0,0,0,0.0572958,0,0,0,0,98,0,0,0,0,0,0,55,0,0.00034,0.00034,0,0,0,0,0,1.8,0,0,0,0,0,0,1,0,0,0,0,0,0,0,0,98,0,,0,0,0,0,
24,10.52,-0.08,-50.68,0,0,0,0,0,8.138,6.6625,0,-0.125,22.3,0,0,0,0,0.0572958,0,0,0,0,65,0,0,0,0,0,0,55,0,0.00034,0.00034,0,0,0,0,0,0.8,0,0,0,0,0,0,1,0,0,0,0,0,0,0,0,99,0,,0,0,0,0,
76,6.32,0,13.61,0,0,0,0,0,-1.487,6.1375,0,0,5.7,0,0,0,0,0.0572958,0,0,0,0,98,0,0,0,0,0,0,55,0,0.00034,0.00034,0,0,0,0,0,6.2,0,0,0,0,0,0,1,0,0,0,0,0,0,0,0,98,0,,0,0,0,0,
115,11.42,0,11.04,0,0,0,0,0,-2.187,11.2125,0,0,-16.3,0,0,0,0,0.0572958,0,0,0,0,65,0,0,0,0,0,0,55,0,0.00034,0.00034,0,0,0,0,0,0.8,0,0,0,0,0,0,1,0,0,0,0,0,0,0,0,99,0,,0,0,0,0,
END,Total:7
START,FrameNb:145,CameraNb:0,HeSaiNb:0,ARS410Nb:0
2026/08/02 16:23:56:586---->
heightOffset:0,1785659036586,1326272,selfCaliBufCnt:0,selfAccObjCnt:0,selfAccAngle:0,installHAngleOffset:0,Interpolation:0,installVAngleOffset:0,radarOffsetH:0,radarOffsetV:0.32,Polynom:-0.001023;-0.0511;-2.047;0;0;0;-0.001023;-0.0511;-2.047;-25.5;0;0,WheelDirection:0;0;0;0,selfAngleOffset:0,selfAngleOffsetPit:0,currCaliAngleHrz:0,currCaliAnglePit:0,selfCaliAngleHrz:0,selfCaliAnglePit:0,servCaliAngleHrz:0,servCaliAnglePit:0,offlineCaliAngleHrz:0,offlineCaliAnglePit:0,determine2useFlag:0,IMU_Z_Accel:0,IMU_X_AngularRate:0,IMU_Y_AngularRate:0,IMU_RollAngle:0,IMU_PitchAngle:0,IMU_YawAngle:0,FcwID:0,FCWWarningLevel:0,FCWTTC:0
16,16.56,0,17.84,0,0,0,0,0,-5.0745,15.7625,0,0,-17.7,0,0,0,0,0.0572958,0,0,0,0,96,0,0,0,0,0,0,58,0,0.00034,0.00034,0,0,0,0,0,0.8,0,0,0,0,0,0,1,0,0,0,0,0,0,0,0,30,0,,0,0,0,0,
20,6.92,0,-22.3,0,0,0,0,0,2.6255,6.4,0,0,4.9,0,0,0,0,0.0572958,0,0,0,0,94,0,0,0,0,0,0,58,0,0.00034,0.00034,0,0,0,0,0,1,0,0,0,0,0,0,1,0,0,0,0,0,0,0,0,99,0,,0,0,0,0,
21,9.22,0,-24.09,0,0,0,0,0,3.763,8.4125,0,0,4.9,0,0,0,0,0.0572958,0,0,0,0,96,0,0,0,0,0,0,58,0,0.00034,0.00034,0,0,0,0,0,0.8,0,0,0,0,0,0,1,0,0,0,0,0,0,0,0,99,0,,0,0,0,0,
23,6.05,0,-1.66,0,0,0,0,0,0.1755,6.05,-0.125,0,-6.3,0,0,0,0,0.0572958,0,0,0,0,98,0,0,0,0,0,0,58,0,0.00034,0.00034,0,0,0,0,0,1.8,0,0,0,0,0,0,1,0,0,0,0,0,0,0,0,98,0,,0,0,0,0,
24,10.52,-0.08,-50.68,0,0,0,0,0,8.138,6.6625,0,-0.125,22.3,0,0,0,0,0.0572958,0,0,0,0,65,0,0,0,0,0,0,58,0,0.00034,0.00034,0,0,0,0,0,0.8,0,0,0,0,0,0,1,0,0,0,0,0,0,0,0,99,0,,0,0,0,0,
76,6.32,0,13.61,0,0,0,0,0,-1.487,6.1375,0,0,5.7,0,0,0,0,0.0572958,0,0,0,0,98,0,0,0,0,0,0,58,0,0.00034,0.00034,0,0,0,0,0,6.2,0,0,0,0,0,0,1,0,0,0,0,0,0,0,0,98,0,,0,0,0,0,
115,11.42,0,11.04,0,0,0,0,0,-2.187,11.2125,0,0,-16.3,0,0,0,0,0.0572958,0,0,0,0,65,0,0,0,0,0,0,58,0,0.00034,0.00034,0,0,0,0,0,0.8,0,0,0,0,0,0,1,0,0,0,0,0,0,0,0,99,0,,0,0,0,0,
END,Total:7
START,FrameNb:146,CameraNb:0,HeSaiNb:0,ARS410Nb:0
2026/08/02 16:23:56:640---->
heightOffset:0,1785659036640,1326321,selfCaliBufCnt:0,selfAccObjCnt:0,selfAccAngle:0,installHAngleOffset:0,Interpolation:0,installVAngleOffset:0,radarOffsetH:0,radarOffsetV:0.32,Polynom:-0.001023;-0.0511;-2.047;0;0;0;-0.001023;-0.0511;-2.047;-25.5;0;0,WheelDirection:0;0;0;0,selfAngleOffset:0,selfAngleOffsetPit:0,currCaliAngleHrz:0,currCaliAnglePit:0,selfCaliAngleHrz:0,selfCaliAnglePit:0,servCaliAngleHrz:0,servCaliAnglePit:0,offlineCaliAngleHrz:0,offlineCaliAnglePit:0,determine2useFlag:0,IMU_Z_Accel:0,IMU_X_AngularRate:0,IMU_Y_AngularRate:0,IMU_RollAngle:0,IMU_PitchAngle:0,IMU_YawAngle:0,FcwID:0,FCWWarningLevel:0,FCWTTC:0
16,16.56,0,17.84,0,0,0,0,0,-5.0745,15.7625,0,0,-17.7,0,0,0,0,0.0572958,0,0,0,0,96,0,0,0,0,0,0,58,0,0.00034,0.00034,0,0,0,0,0,0.8,0,0,0,0,0,0,1,0,0,0,0,0,0,0,0,30,0,,0,0,0,0,
20,6.92,0,-22.3,0,0,0,0,0,2.6255,6.4,0,0,4.9,0,0,0,0,0.0572958,0,0,0,0,94,0,0,0,0,0,0,58,0,0.00034,0.00034,0,0,0,0,0,1,0,0,0,0,0,0,1,0,0,0,0,0,0,0,0,99,0,,0,0,0,0,
21,9.22,0,-24.09,0,0,0,0,0,3.763,8.4125,0,0,5.1,0,0,0,0,0.0572958,0,0,0,0,96,0,0,0,0,0,0,58,0,0.00034,0.00034,0,0,0,0,0,0.8,0,0,0,0,0,0,1,0,0,0,0,0,0,0,0,99,0,,0,0,0,0,
23,6.05,0,-1.66,0,0,0,0,0,0.1755,6.05,-0.125,0,-6.3,0,0,0,0,0.0572958,0,0,0,0,98,0,0,0,0,0,0,58,0,0.00034,0.00034,0,0,0,0,0,1.8,0,0,0,0,0,0,1,0,0,0,0,0,0,0,0,98,0,,0,0,0,0,
24,10.52,-0.08,-50.68,0,0,0,0,0,8.138,6.6625,0,-0.125,22.3,0,0,0,0,0.0572958,0,0,0,0,65,0,0,0,0,0,0,58,0,0.00034,0.00034,0,0,0,0,0,0.8,0,0,0,0,0,0,1,0,0,0,0,0,0,0,0,99,0,,0,0,0,0,
76,6.32,0,13.61,0,0,0,0,0,-1.487,6.1375,-0.125,0,5.7,0,0,0,0,0.0572958,0,0,0,0,98,0,0,0,0,0,0,58,0,0.00034,0.00034,0,0,0,0,0,6.2,0,0,0,0,0,0,1,0,0,0,0,0,0,0,0,98,0,,0,0,0,0,
115,11.42,0,11.04,0,0,0,0,0,-2.187,11.2125,0,0,-16.3,0,0,0,0,0.0572958,0,0,0,0,65,0,0,0,0,0,0,58,0,0.00034,0.00034,0,0,0,0,0,0.8,0,0,0,0,0,0,1,0,0,0,0,0,0,0,0,99,0,,0,0,0,0,
END,Total:7
START,FrameNb:147,CameraNb:0,HeSaiNb:0,ARS410Nb:0
2026/08/02 16:23:56:682---->
heightOffset:0,1785659036682,1326372,selfCaliBufCnt:0,selfAccObjCnt:0,selfAccAngle:0,installHAngleOffset:0,Interpolation:0,installVAngleOffset:0,radarOffsetH:0,radarOffsetV:0.32,Polynom:-0.001023;-0.0511;-2.047;0;0;0;-0.001023;-0.0511;-2.047;-25.5;0;0,WheelDirection:0;0;0;0,selfAngleOffset:0,selfAngleOffsetPit:0,currCaliAngleHrz:0,currCaliAnglePit:0,selfCaliAngleHrz:0,selfCaliAnglePit:0,servCaliAngleHrz:0,servCaliAnglePit:0,offlineCaliAngleHrz:0,offlineCaliAnglePit:0,determine2useFlag:0,IMU_Z_Accel:0,IMU_X_AngularRate:0,IMU_Y_AngularRate:0,IMU_RollAngle:0,IMU_PitchAngle:0,IMU_YawAngle:0,FcwID:0,FCWWarningLevel:0,FCWTTC:0
16,16.56,0,17.84,0,0,0,0,0,-5.0745,15.7625,0,0,-17.7,0,0,0,0,0.0572958,0,0,0,0,96,0,0,0,0,0,0,54,0,0.00034,0.00034,0,0,0,0,0,0.8,0,0,0,0,0,0,1,0,0,0,0,0,0,0,0,30,0,,0,0,0,0,
20,6.92,0,-22.3,0,0,0,0,0,2.6255,6.4,0,0,4.9,0,0,0,0,0.0572958,0,0,0,0,94,0,0,0,0,0,0,54,0,0.00034,0.00034,0,0,0,0,0,1,0,0,0,0,0,0,1,0,0,0,0,0,0,0,0,99,0,,0,0,0,0,
21,9.22,0,-24.09,0,0,0,0,0,3.763,8.4125,0,0,5.3,0,0,0,0,0.0572958,0,0,0,0,96,0,0,0,0,0,0,54,0,0.00034,0.00034,0,0,0,0,0,0.8,0,0,0,0,0,0,1,0,0,0,0,0,0,0,0,99,0,,0,0,0,0,
23,6.05,0,-1.66,0,0,0,0,0,0.1755,6.05,-0.125,0,-6.3,0,0,0,0,0.0572958,0,0,0,0,98,0,0,0,0,0,0,54,0,0.00034,0.00034,0,0,0,0,0,1.8,0,0,0,0,0,0,1,0,0,0,0,0,0,0,0,98,0,,0,0,0,0,
76,6.32,0,13.61,0,0,0,0,0,-1.487,6.1375,0,0,5.7,0,0,0,0,0.0572958,0,0,0,0,98,0,0,0,0,0,0,54,0,0.00034,0.00034,0,0,0,0,0,6.2,0,0,0,0,0,0,1,0,0,0,0,0,0,0,0,98,0,,0,0,0,0,
115,11.42,0,11.04,0,0,0,0,0,-2.187,11.2125,0,0,-16.3,0,0,0,0,0.0572958,0,0,0,0,65,0,0,0,0,0,0,54,0,0.00034,0.00034,0,0,0,0,0,0.8,0,0,0,0,0,0,1,0,0,0,0,0,0,0,0,99,0,,0,0,0,0,
END,Total:6
START,FrameNb:148,CameraNb:0,HeSaiNb:0,ARS410Nb:0
2026/08/02 16:23:56:747---->
heightOffset:0,1785659036747,1326421,selfCaliBufCnt:0,selfAccObjCnt:0,selfAccAngle:0,installHAngleOffset:0,Interpolation:0,installVAngleOffset:0,radarOffsetH:0,radarOffsetV:0.32,Polynom:-0.001023;-0.0511;-2.047;0;0;0;-0.001023;-0.0511;-2.047;-25.5;0;0,WheelDirection:0;0;0;0,selfAngleOffset:0,selfAngleOffsetPit:0,currCaliAngleHrz:0,currCaliAnglePit:0,selfCaliAngleHrz:0,selfCaliAnglePit:0,servCaliAngleHrz:0,servCaliAnglePit:0,offlineCaliAngleHrz:0,offlineCaliAnglePit:0,determine2useFlag:0,IMU_Z_Accel:0,IMU_X_AngularRate:0,IMU_Y_AngularRate:0,IMU_RollAngle:0,IMU_PitchAngle:0,IMU_YawAngle:0,FcwID:0,FCWWarningLevel:0,FCWTTC:0
16,16.56,0,17.84,0,0,0,0,0,-5.0745,15.7625,0,0,-17.7,0,0,0,0,0.0572958,0,0,0,0,96,0,0,0,0,0,0,58,0,0.00034,0.00034,0,0,0,0,0,0.8,0,0,0,0,0,0,1,0,0,0,0,0,0,0,0,30,0,,0,0,0,0,
20,6.92,0,-22.3,0,0,0,0,0,2.6255,6.4,0,0,4.9,0,0,0,0,0.0572958,0,0,0,0,94,0,0,0,0,0,0,58,0,0.00034,0.00034,0,0,0,0,0,0.8,0,0,0,0,0,0,1,0,0,0,0,0,0,0,0,99,0,,0,0,0,0,
21,9.22,0,-24.09,0,0,0,0,0,3.763,8.4125,0,0,5.3,0,0,0,0,0.0572958,0,0,0,0,96,0,0,0,0,0,0,58,0,0.00034,0.00034,0,0,0,0,0,0.8,0,0,0,0,0,0,1,0,0,0,0,0,0,0,0,99,0,,0,0,0,0,
23,6.05,0,-1.66,0,0,0,0,0,0.1755,6.05,-0.125,0,-6.3,0,0,0,0,0.0572958,0,0,0,0,98,0,0,0,0,0,0,58,0,0.00034,0.00034,0,0,0,0,0,2,0,0,0,0,0,0,1,0,0,0,0,0,0,0,0,98,0,,0,0,0,0,
76,6.32,0,13.61,0,0,0,0,0,-1.487,6.1375,0,0,5.7,0,0,0,0,0.0572958,0,0,0,0,98,0,0,0,0,0,0,58,0,0.00034,0.00034,0,0,0,0,0,6.2,0,0,0,0,0,0,1,0,0,0,0,0,0,0,0,98,0,,0,0,0,0,
115,11.42,-0.12,11.04,0,0,0,0,0,-2.187,11.2125,0,-0.125,-16.3,0,0,0,0,0.0572958,0,0,0,0,65,0,0,0,0,0,0,58,0,0.00034,0.00034,0,0,0,0,0,0.8,0,0,0,0,0,0,1,0,0,0,0,0,0,0,0,99,0,,0,0,0,0,
END,Total:6
START,FrameNb:149,CameraNb:0,HeSaiNb:0,ARS410Nb:0
2026/08/02 16:23:56:776---->
heightOffset:0,1785659036776,1326471,selfCaliBufCnt:0,selfAccObjCnt:0,selfAccAngle:0,installHAngleOffset:0,Interpolation:0,installVAngleOffset:0,radarOffsetH:0,radarOffsetV:0.32,Polynom:-0.001023;-0.0511;-2.047;0;0;0;-0.001023;-0.0511;-2.047;-25.5;0;0,WheelDirection:0;0;0;0,selfAngleOffset:0,selfAngleOffsetPit:0,currCaliAngleHrz:0,currCaliAnglePit:0,selfCaliAngleHrz:0,selfCaliAnglePit:0,servCaliAngleHrz:0,servCaliAnglePit:0,offlineCaliAngleHrz:0,offlineCaliAnglePit:0,determine2useFlag:0,IMU_Z_Accel:0,IMU_X_AngularRate:0,IMU_Y_AngularRate:0,IMU_RollAngle:0,IMU_PitchAngle:0,IMU_YawAngle:0,FcwID:0,FCWWarningLevel:0,FCWTTC:0
16,16.56,-0.12,17.84,0,0,0,0,0,-5.0745,15.7625,0,-0.125,-17.7,0,0,0,0,0.0572958,0,0,0,0,96,0,0,0,0,0,0,57,0,0.00034,0.00034,0,0,0,0,0,0.8,0,0,0,0,0,0,1,0,0,0,0,0,0,0,0,30,0,,0,0,0,0,
20,6.92,0,-22.3,0,0,0,0,0,2.6255,6.4,0,0,4.9,0,0,0,0,0.0572958,0,0,0,0,94,0,0,0,0,0,0,57,0,0.00034,0.00034,0,0,0,0,0,0.8,0,0,0,0,0,0,1,0,0,0,0,0,0,0,0,99,0,,0,0,0,0,
21,9.22,0,-24.09,0,0,0,0,0,3.763,8.4125,0,0,5.3,0,0,0,0,0.0572958,0,0,0,0,96,0,0,0,0,0,0,57,0,0.00034,0.00034,0,0,0,0,0,0.8,0,0,0,0,0,0,1,0,0,0,0,0,0,0,0,99,0,,0,0,0,0,
23,6.05,0,-1.66,0,0,0,0,0,0.1755,6.05,-0.125,0,-6.3,0,0,0,0,0.0572958,0,0,0,0,98,0,0,0,0,0,0,57,0,0.00034,0.00034,0,0,0,0,0,2,0,0,0,0,0,0,1,0,0,0,0,0,0,0,0,98,0,,0,0,0,0,
76,6.32,0,13.61,0,0,0,0,0,-1.487,6.1375,0,0,5.7,0,0,0,0,0.0572958,0,0,0,0,98,0,0,0,0,0,0,57,0,0.00034,0.00034,0,0,0,0,0,6.2,0,0,0,0,0,0,1,0,0,0,0,0,0,0,0,98,0,,0,0,0,0,
115,11.42,-0.12,11.04,0,0,0,0,0,-2.187,11.2125,0,-0.125,-16.3,0,0,0,0,0.0572958,0,0,0,0,65,0,0,0,0,0,0,57,0,0.00034,0.00034,0,0,0,0,0,0.8,0,0,0,0,0,0,1,0,0,0,0,0,0,0,0,99,0,,0,0,0,0,
END,Total:6
START,FrameNb:150,CameraNb:0,HeSaiNb:0,ARS410Nb:0
2026/08/02 16:23:56:835---->
heightOffset:0,1785659036835,1326521,selfCaliBufCnt:0,selfAccObjCnt:0,selfAccAngle:0,installHAngleOffset:0,Interpolation:0,installVAngleOffset:0,radarOffsetH:0,radarOffsetV:0.32,Polynom:-0.001023;-0.0511;-2.047;0;0;0;-0.001023;-0.0511;-2.047;-25.5;0;0,WheelDirection:0;0;0;0,selfAngleOffset:0,selfAngleOffsetPit:0,currCaliAngleHrz:0,currCaliAnglePit:0,selfCaliAngleHrz:0,selfCaliAnglePit:0,servCaliAngleHrz:0,servCaliAnglePit:0,offlineCaliAngleHrz:0,offlineCaliAnglePit:0,determine2useFlag:0,IMU_Z_Accel:0,IMU_X_AngularRate:0,IMU_Y_AngularRate:0,IMU_RollAngle:0,IMU_PitchAngle:0,IMU_YawAngle:0,FcwID:0,FCWWarningLevel:0,FCWTTC:0
16,16.56,-0.12,17.84,0,0,0,0,0,-5.0745,15.7625,0,-0.125,-17.7,0,0,0,0,0.0572958,0,0,0,0,96,0,0,0,0,0,0,62,0,0.00034,0.00034,0,0,0,0,0,0.8,0,0,0,0,0,0,1,0,0,0,0,0,0,0,0,30,0,,0,0,0,0,
20,6.92,0,-22.3,0,0,0,0,0,2.6255,6.4,0,0,4.9,0,0,0,0,0.0572958,0,0,0,0,94,0,0,0,0,0,0,62,0,0.00034,0.00034,0,0,0,0,0,0.8,0,0,0,0,0,0,1,0,0,0,0,0,0,0,0,99,0,,0,0,0,0,
21,9.22,0,-24.09,0,0,0,0,0,3.763,8.4125,0,0,5.1,0,0,0,0,0.0572958,0,0,0,0,96,0,0,0,0,0,0,62,0,0.00034,0.00034,0,0,0,0,0,0.8,0,0,0,0,0,0,1,0,0,0,0,0,0,0,0,99,0,,0,0,0,0,
23,6.05,0,-1.66,0,0,0,0,0,0.1755,6.05,-0.125,0,-6.3,0,0,0,0,0.0572958,0,0,0,0,98,0,0,0,0,0,0,62,0,0.00034,0.00034,0,0,0,0,0,2,0,0,0,0,0,0,1,0,0,0,0,0,0,0,0,98,0,,0,0,0,0,
24,10.52,-0.08,-50.68,0,0,0,0,0,8.138,6.6625,0,-0.125,22.7,0,0,0,0,0.0572958,0,0,0,0,65,0,0,0,0,0,0,62,0,0.00034,0.00034,0,0,0,0,0,0.8,0,0,0,0,0,0,1,0,0,0,0,0,0,0,0,99,0,,0,0,0,0,
76,6.32,0,13.61,0,0,0,0,0,-1.487,6.1375,0,0,5.7,0,0,0,0,0.0572958,0,0,0,0,98,0,0,0,0,0,0,62,0,0.00034,0.00034,0,0,0,0,0,6.2,0,0,0,0,0,0,1,0,0,0,0,0,0,0,0,98,0,,0,0,0,0,
115,11.42,-0.12,11.04,0,0,0,0,0,-2.187,11.2125,0,-0.125,-16.3,0,0,0,0,0.0572958,0,0,0,0,65,0,0,0,0,0,0,62,0,0.00034,0.00034,0,0,0,0,0,0.8,0,0,0,0,0,0,1,0,0,0,0,0,0,0,0,99,0,,0,0,0,0,
END,Total:7
START,FrameNb:151,CameraNb:0,HeSaiNb:0,ARS410Nb:0
2026/08/02 16:23:56:889---->
heightOffset:0,1785659036889,1326571,selfCaliBufCnt:0,selfAccObjCnt:0,selfAccAngle:0,installHAngleOffset:0,Interpolation:0,installVAngleOffset:0,radarOffsetH:0,radarOffsetV:0.32,Polynom:-0.001023;-0.0511;-2.047;0;0;0;-0.001023;-0.0511;-2.047;-25.5;0;0,WheelDirection:0;0;0;0,selfAngleOffset:0,selfAngleOffsetPit:0,currCaliAngleHrz:0,currCaliAnglePit:0,selfCaliAngleHrz:0,selfCaliAnglePit:0,servCaliAngleHrz:0,servCaliAnglePit:0,offlineCaliAngleHrz:0,offlineCaliAnglePit:0,determine2useFlag:0,IMU_Z_Accel:0,IMU_X_AngularRate:0,IMU_Y_AngularRate:0,IMU_RollAngle:0,IMU_PitchAngle:0,IMU_YawAngle:0,FcwID:0,FCWWarningLevel:0,FCWTTC:0
16,16.56,0,17.84,0,0,0,0,0,-5.0745,15.7625,0,0,-17.7,0,0,0,0,0.0572958,0,0,0,0,96,0,0,0,0,0,0,56,0,0.00034,0.00034,0,0,0,0,0,0.8,0,0,0,0,0,0,1,0,0,0,0,0,0,0,0,30,0,,0,0,0,0,
20,6.92,0,-22.3,0,0,0,0,0,2.6255,6.4,0,0,4.9,0,0,0,0,0.0572958,0,0,0,0,95,0,0,0,0,0,0,56,0,0.00034,0.00034,0,0,0,0,0,0.8,0,0,0,0,0,0,1,0,0,0,0,0,0,0,0,99,0,,0,0,0,0,
21,9.22,0,-24.09,0,0,0,0,0,3.763,8.4125,0,0,5.3,0,0,0,0,0.0572958,0,0,0,0,96,0,0,0,0,0,0,56,0,0.00034,0.00034,0,0,0,0,0,0.8,0,0,0,0,0,0,1,0,0,0,0,0,0,0,0,99,0,,0,0,0,0,
23,6.05,0,-1.66,0,0,0,0,0,0.1755,6.05,-0.125,0,-6.3,0,0,0,0,0.0572958,0,0,0,0,98,0,0,0,0,0,0,56,0,0.00034,0.00034,0,0,0,0,0,2.4,0,0,0,0,0,0,1,0,0,0,0,0,0,0,0,98,0,,0,0,0,0,
24,10.52,0,-50.68,0,0,0,0,0,8.138,6.6625,0,0,22.9,0,0,0,0,0.0572958,0,0,0,0,65,0,0,0,0,0,0,56,0,0.00034,0.00034,0,0,0,0,0,0.8,0,0,0,0,0,0,1,0,0,0,0,0,0,0,0,99,0,,0,0,0,0,
76,6.32,0,13.61,0,0,0,0,0,-1.487,6.1375,0,0,5.7,0,0,0,0,0.0572958,0,0,0,0,98,0,0,0,0,0,0,56,0,0.00034,0.00034,0,0,0,0,0,6.2,0,0,0,0,0,0,1,0,0,0,0,0,0,0,0,98,0,,0,0,0,0,
115,11.42,-0.12,11.04,0,0,0,0,0,-2.187,11.2125,0,-0.125,-16.3,0,0,0,0,0.0572958,0,0,0,0,65,0,0,0,0,0,0,56,0,0.00034,0.00034,0,0,0,0,0,0.8,0,0,0,0,0,0,1,0,0,0,0,0,0,0,0,99,0,,0,0,0,0,
END,Total:7
START,FrameNb:152,CameraNb:0,HeSaiNb:0,ARS410Nb:0
2026/08/02 16:23:56:932---->
heightOffset:0,1785659036932,1326622,selfCaliBufCnt:0,selfAccObjCnt:0,selfAccAngle:0,installHAngleOffset:0,Interpolation:0,installVAngleOffset:0,radarOffsetH:0,radarOffsetV:0.32,Polynom:-0.001023;-0.0511;-2.047;0;0;0;-0.001023;-0.0511;-2.047;-25.5;0;0,WheelDirection:0;0;0;0,selfAngleOffset:0,selfAngleOffsetPit:0,currCaliAngleHrz:0,currCaliAnglePit:0,selfCaliAngleHrz:0,selfCaliAnglePit:0,servCaliAngleHrz:0,servCaliAnglePit:0,offlineCaliAngleHrz:0,offlineCaliAnglePit:0,determine2useFlag:0,IMU_Z_Accel:0,IMU_X_AngularRate:0,IMU_Y_AngularRate:0,IMU_RollAngle:0,IMU_PitchAngle:0,IMU_YawAngle:0,FcwID:0,FCWWarningLevel:0,FCWTTC:0
16,16.56,0,17.84,0,0,0,0,0,-5.0745,15.7625,0,0,-17.7,0,0,0,0,0.0572958,0,0,0,0,96,0,0,0,0,0,0,58,0,0.00034,0.00034,0,0,0,0,0,0.8,0,0,0,0,0,0,1,0,0,0,0,0,0,0,0,30,0,,0,0,0,0,
20,6.92,0,-22.3,0,0,0,0,0,2.6255,6.4,0,0,4.9,0,0,0,0,0.0572958,0,0,0,0,95,0,0,0,0,0,0,58,0,0.00034,0.00034,0,0,0,0,0,0.8,0,0,0,0,0,0,1,0,0,0,0,0,0,0,0,99,0,,0,0,0,0,
21,9.22,0,-24.09,0,0,0,0,0,3.763,8.4125,0,0,5.3,0,0,0,0,0.0572958,0,0,0,0,96,0,0,0,0,0,0,58,0,0.00034,0.00034,0,0,0,0,0,0.8,0,0,0,0,0,0,1,0,0,0,0,0,0,0,0,99,0,,0,0,0,0,
23,6.05,0,-1.66,0,0,0,0,0,0.1755,6.05,-0.125,0,-6.3,0,0,0,0,0.0572958,0,0,0,0,98,0,0,0,0,0,0,58,0,0.00034,0.00034,0,0,0,0,0,2.4,0,0,0,0,0,0,1,0,0,0,0,0,0,0,0,98,0,,0,0,0,0,
24,10.52,0,-50.68,0,0,0,0,0,8.138,6.6625,0,0,22.9,0,0,0,0,0.0572958,0,0,0,0,65,0,0,0,0,0,0,58,0,0.00034,0.00034,0,0,0,0,0,0.8,0,0,0,0,0,0,1,0,0,0,0,0,0,0,0,99,0,,0,0,0,0,
76,6.32,0,13.61,0,0,0,0,0,-1.487,6.1375,0,0,5.7,0,0,0,0,0.0572958,0,0,0,0,98,0,0,0,0,0,0,58,0,0.00034,0.00034,0,0,0,0,0,6.2,0,0,0,0,0,0,1,0,0,0,0,0,0,0,0,98,0,,0,0,0,0,
115,11.42,-0.12,11.04,0,0,0,0,0,-2.187,11.2125,0,-0.125,-16.3,0,0,0,0,0.0572958,0,0,0,0,65,0,0,0,0,0,0,58,0,0.00034,0.00034,0,0,0,0,0,0.8,0,0,0,0,0,0,1,0,0,0,0,0,0,0,0,99,0,,0,0,0,0,
END,Total:7
START,FrameNb:153,CameraNb:0,HeSaiNb:0,ARS410Nb:0
2026/08/02 16:23:56:996---->
heightOffset:0,1785659036996,1326671,selfCaliBufCnt:0,selfAccObjCnt:0,selfAccAngle:0,installHAngleOffset:0,Interpolation:0,installVAngleOffset:0,radarOffsetH:0,radarOffsetV:0.32,Polynom:-0.001023;-0.0511;-2.047;0;0;0;-0.001023;-0.0511;-2.047;-25.5;0;0,WheelDirection:0;0;0;0,selfAngleOffset:0,selfAngleOffsetPit:0,currCaliAngleHrz:0,currCaliAnglePit:0,selfCaliAngleHrz:0,selfCaliAnglePit:0,servCaliAngleHrz:0,servCaliAnglePit:0,offlineCaliAngleHrz:0,offlineCaliAnglePit:0,determine2useFlag:0,IMU_Z_Accel:0,IMU_X_AngularRate:0,IMU_Y_AngularRate:0,IMU_RollAngle:0,IMU_PitchAngle:0,IMU_YawAngle:0,FcwID:0,FCWWarningLevel:0,FCWTTC:0
16,16.56,0,17.84,0,0,0,0,0,-5.0745,15.7625,0,0,-17.7,0,0,0,0,0.0572958,0,0,0,0,96,0,0,0,0,0,0,58,0,0.00034,0.00034,0,0,0,0,0,0.8,0,0,0,0,0,0,1,0,0,0,0,0,0,0,0,30,0,,0,0,0,0,
20,6.92,0,-22.3,0,0,0,0,0,2.6255,6.4,0,0,4.9,0,0,0,0,0.0572958,0,0,0,0,95,0,0,0,0,0,0,58,0,0.00034,0.00034,0,0,0,0,0,0.8,0,0,0,0,0,0,1,0,0,0,0,0,0,0,0,99,0,,0,0,0,0,
21,9.22,0,-24.09,0,0,0,0,0,3.763,8.4125,0,0,5.3,0,0,0,0,0.0572958,0,0,0,0,96,0,0,0,0,0,0,58,0,0.00034,0.00034,0,0,0,0,0,0.8,0,0,0,0,0,0,1,0,0,0,0,0,0,0,0,99,0,,0,0,0,0,
23,6.05,0,-1.66,0,0,0,0,0,0.1755,6.05,-0.125,0,-6.3,0,0,0,0,0.0572958,0,0,0,0,98,0,0,0,0,0,0,58,0,0.00034,0.00034,0,0,0,0,0,2.2,0,0,0,0,0,0,1,0,0,0,0,0,0,0,0,98,0,,0,0,0,0,
76,6.32,0,13.61,0,0,0,0,0,-1.487,6.1375,0,0,5.7,0,0,0,0,0.0572958,0,0,0,0,98,0,0,0,0,0,0,58,0,0.00034,0.00034,0,0,0,0,0,6.2,0,0,0,0,0,0,1,0,0,0,0,0,0,0,0,98,0,,0,0,0,0,
115,11.42,-0.12,11.04,0,0,0,0,0,-2.187,11.2125,0,-0.125,-16.3,0,0,0,0,0.0572958,0,0,0,0,65,0,0,0,0,0,0,58,0,0.00034,0.00034,0,0,0,0,0,0.8,0,0,0,0,0,0,1,0,0,0,0,0,0,0,0,99,0,,0,0,0,0,
END,Total:6
START,FrameNb:154,CameraNb:0,HeSaiNb:0,ARS410Nb:0
2026/08/02 16:23:57:057---->
heightOffset:0,1785659037057,1326722,selfCaliBufCnt:0,selfAccObjCnt:0,selfAccAngle:0,installHAngleOffset:0,Interpolation:0,installVAngleOffset:0,radarOffsetH:0,radarOffsetV:0.32,Polynom:-0.001023;-0.0511;-2.047;0;0;0;-0.001023;-0.0511;-2.047;-25.5;0;0,WheelDirection:0;0;0;0,selfAngleOffset:0,selfAngleOffsetPit:0,currCaliAngleHrz:0,currCaliAnglePit:0,selfCaliAngleHrz:0,selfCaliAnglePit:0,servCaliAngleHrz:0,servCaliAnglePit:0,offlineCaliAngleHrz:0,offlineCaliAnglePit:0,determine2useFlag:0,IMU_Z_Accel:0,IMU_X_AngularRate:0,IMU_Y_AngularRate:0,IMU_RollAngle:0,IMU_PitchAngle:0,IMU_YawAngle:0,FcwID:0,FCWWarningLevel:0,FCWTTC:0
16,16.56,0,17.84,0,0,0,0,0,-5.0745,15.7625,0,0,-17.7,0,0,0,0,0.0572958,0,0,0,0,96,0,0,0,0,0,0,53,0,0.00034,0.00034,0,0,0,0,0,0.8,0,0,0,0,0,0,1,0,0,0,0,0,0,0,0,30,0,,0,0,0,0,
20,6.92,0,-22.3,0,0,0,0,0,2.6255,6.4,0,0,4.9,0,0,0,0,0.0572958,0,0,0,0,95,0,0,0,0,0,0,53,0,0.00034,0.00034,0,0,0,0,0,0.8,0,0,0,0,0,0,1,0,0,0,0,0,0,0,0,99,0,,0,0,0,0,
21,9.22,0,-24.09,0,0,0,0,0,3.763,8.4125,0,0,5.3,0,0,0,0,0.0572958,0,0,0,0,65,0,0,0,0,0,0,53,0,0.00034,0.00034,0,0,0,0,0,1,0,0,0,0,0,0,1,0,0,0,0,0,0,0,0,99,0,,0,0,0,0,
23,6.05,0,-1.66,0,0,0,0,0,0.1755,6.05,-0.125,0,-6.3,0,0,0,0,0.0572958,0,0,0,0,98,0,0,0,0,0,0,53,0,0.00034,0.00034,0,0,0,0,0,2.2,0,0,0,0,0,0,1,0,0,0,0,0,0,0,0,98,0,,0,0,0,0,
76,6.32,0,13.61,0,0,0,0,0,-1.487,6.1375,0,0,5.7,0,0,0,0,0.0572958,0,0,0,0,98,0,0,0,0,0,0,53,0,0.00034,0.00034,0,0,0,0,0,6.2,0,0,0,0,0,0,1,0,0,0,0,0,0,0,0,98,0,,0,0,0,0,
115,11.42,-0.12,11.04,0,0,0,0,0,-2.187,11.2125,0,-0.125,-16.3,0,0,0,0,0.0572958,0,0,0,0,65,0,0,0,0,0,0,53,0,0.00034,0.00034,0,0,0,0,0,0.8,0,0,0,0,0,0,1,0,0,0,0,0,0,0,0,99,0,,0,0,0,0,
END,Total:6
START,FrameNb:155,CameraNb:0,HeSaiNb:0,ARS410Nb:0
2026/08/02 16:23:57:085---->
heightOffset:0,1785659037085,1326771,selfCaliBufCnt:0,selfAccObjCnt:0,selfAccAngle:0,installHAngleOffset:0,Interpolation:0,installVAngleOffset:0,radarOffsetH:0,radarOffsetV:0.32,Polynom:-0.001023;-0.0511;-2.047;0;0;0;-0.001023;-0.0511;-2.047;-25.5;0;0,WheelDirection:0;0;0;0,selfAngleOffset:0,selfAngleOffsetPit:0,currCaliAngleHrz:0,currCaliAnglePit:0,selfCaliAngleHrz:0,selfCaliAnglePit:0,servCaliAngleHrz:0,servCaliAnglePit:0,offlineCaliAngleHrz:0,offlineCaliAnglePit:0,determine2useFlag:0,IMU_Z_Accel:0,IMU_X_AngularRate:0,IMU_Y_AngularRate:0,IMU_RollAngle:0,IMU_PitchAngle:0,IMU_YawAngle:0,FcwID:0,FCWWarningLevel:0,FCWTTC:0
16,16.56,0,17.84,0,0,0,0,0,-5.0745,15.7625,0,0,-17.7,0,0,0,0,0.0572958,0,0,0,0,96,0,0,0,0,0,0,58,0,0.00034,0.00034,0,0,0,0,0,0.8,0,0,0,0,0,0,1,0,0,0,0,0,0,0,0,30,0,,0,0,0,0,
20,6.92,0,-22.3,0,0,0,0,0,2.6255,6.4,0,0,4.9,0,0,0,0,0.0572958,0,0,0,0,95,0,0,0,0,0,0,58,0,0.00034,0.00034,0,0,0,0,0,0.8,0,0,0,0,0,0,1,0,0,0,0,0,0,0,0,99,0,,0,0,0,0,
21,9.22,0,-24.09,0,0,0,0,0,3.763,8.4125,0,0,5.3,0,0,0,0,0.0572958,0,0,0,0,65,0,0,0,0,0,0,58,0,0.00034,0.00034,0,0,0,0,0,1,0,0,0,0,0,0,1,0,0,0,0,0,0,0,0,99,0,,0,0,0,0,
23,6.05,0,-1.66,0,0,0,0,0,0.1755,6.05,-0.125,0,-6.3,0,0,0,0,0.0572958,0,0,0,0,98,0,0,0,0,0,0,58,0,0.00034,0.00034,0,0,0,0,0,2.2,0,0,0,0,0,0,1,0,0,0,0,0,0,0,0,98,0,,0,0,0,0,
76,6.32,0,13.61,0,0,0,0,0,-1.487,6.1375,-0.125,0,5.7,0,0,0,0,0.0572958,0,0,0,0,98,0,0,0,0,0,0,58,0,0.00034,0.00034,0,0,0,0,0,6.2,0,0,0,0,0,0,1,0,0,0,0,0,0,0,0,98,0,,0,0,0,0,
115,11.42,0,11.04,0,0,0,0,0,-2.187,11.2125,0,0,-16.3,0,0,0,0,0.0572958,0,0,0,0,65,0,0,0,0,0,0,58,0,0.00034,0.00034,0,0,0,0,0,0.8,0,0,0,0,0,0,1,0,0,0,0,0,0,0,0,99,0,,0,0,0,0,
END,Total:6
START,FrameNb:156,CameraNb:0,HeSaiNb:0,ARS410Nb:0
2026/08/02 16:23:57:138---->
heightOffset:0,1785659037138,1326821,selfCaliBufCnt:0,selfAccObjCnt:0,selfAccAngle:0,installHAngleOffset:0,Interpolation:0,installVAngleOffset:0,radarOffsetH:0,radarOffsetV:0.32,Polynom:-0.001023;-0.0511;-2.047;0;0;0;-0.001023;-0.0511;-2.047;-25.5;0;0,WheelDirection:0;0;0;0,selfAngleOffset:0,selfAngleOffsetPit:0,currCaliAngleHrz:0,currCaliAnglePit:0,selfCaliAngleHrz:0,selfCaliAnglePit:0,servCaliAngleHrz:0,servCaliAnglePit:0,offlineCaliAngleHrz:0,offlineCaliAnglePit:0,determine2useFlag:0,IMU_Z_Accel:0,IMU_X_AngularRate:0,IMU_Y_AngularRate:0,IMU_RollAngle:0,IMU_PitchAngle:0,IMU_YawAngle:0,FcwID:0,FCWWarningLevel:0,FCWTTC:0
16,16.56,0,17.84,0,0,0,0,0,-5.0745,15.7625,-0.125,0,-17.7,0,0,0,0,0.0572958,0,0,0,0,96,0,0,0,0,0,0,54,0,0.00034,0.00034,0,0,0,0,0,0.8,0,0,0,0,0,0,1,0,0,0,0,0,0,0,0,30,0,,0,0,0,0,
20,6.92,0,-22.3,0,0,0,0,0,2.6255,6.4,0,0,4.9,0,0,0,0,0.0572958,0,0,0,0,95,0,0,0,0,0,0,54,0,0.00034,0.00034,0,0,0,0,0,0.8,0,0,0,0,0,0,1,0,0,0,0,0,0,0,0,99,0,,0,0,0,0,
21,9.22,0,-24.09,0,0,0,0,0,3.763,8.4125,0,0,5.3,0,0,0,0,0.0572958,0,0,0,0,65,0,0,0,0,0,0,54,0,0.00034,0.00034,0,0,0,0,0,1.2,0,0,0,0,0,0,1,0,0,0,0,0,0,0,0,99,0,,0,0,0,0,
23,6.05,0,-1.66,0,0,0,0,0,0.1755,6.05,-0.125,0,-6.3,0,0,0,0,0.0572958,0,0,0,0,98,0,0,0,0,0,0,54,0,0.00034,0.00034,0,0,0,0,0,2,0,0,0,0,0,0,1,0,0,0,0,0,0,0,0,98,0,,0,0,0,0,
24,10.52,0,-50.68,0,0,0,0,0,8.138,6.6625,0,0,22.7,0,0,0,0,0.0572958,0,0,0,0,65,0,0,0,0,0,0,54,0,0.00034,0.00034,0,0,0,0,0,0.8,0,0,0,0,0,0,1,0,0,0,0,0,0,0,0,99,0,,0,0,0,0,
76,6.32,0,13.61,0,0,0,0,0,-1.487,6.1375,0,0,5.7,0,0,0,0,0.0572958,0,0,0,0,98,0,0,0,0,0,0,54,0,0.00034,0.00034,0,0,0,0,0,6.2,0,0,0,0,0,0,1,0,0,0,0,0,0,0,0,98,0,,0,0,0,0,
115,11.42,0,11.04,0,0,0,0,0,-2.187,11.2125,0,0,-16.3,0,0,0,0,0.0572958,0,0,0,0,65,0,0,0,0,0,0,54,0,0.00034,0.00034,0,0,0,0,0,0.8,0,0,0,0,0,0,1,0,0,0,0,0,0,0,0,99,0,,0,0,0,0,
END,Total:7
START,FrameNb:157,CameraNb:0,HeSaiNb:0,ARS410Nb:0
2026/08/02 16:23:57:181---->
heightOffset:0,1785659037181,1326871,selfCaliBufCnt:0,selfAccObjCnt:0,selfAccAngle:0,installHAngleOffset:0,Interpolation:0,installVAngleOffset:0,radarOffsetH:0,radarOffsetV:0.32,Polynom:-0.001023;-0.0511;-2.047;0;0;0;-0.001023;-0.0511;-2.047;-25.5;0;0,WheelDirection:0;0;0;0,selfAngleOffset:0,selfAngleOffsetPit:0,currCaliAngleHrz:0,currCaliAnglePit:0,selfCaliAngleHrz:0,selfCaliAnglePit:0,servCaliAngleHrz:0,servCaliAnglePit:0,offlineCaliAngleHrz:0,offlineCaliAnglePit:0,determine2useFlag:0,IMU_Z_Accel:0,IMU_X_AngularRate:0,IMU_Y_AngularRate:0,IMU_RollAngle:0,IMU_PitchAngle:0,IMU_YawAngle:0,FcwID:0,FCWWarningLevel:0,FCWTTC:0
16,16.56,-0.12,17.84,0,0,0,0,0,-5.0745,15.7625,-0.125,-0.125,-17.7,0,0,0,0,0.0572958,0,0,0,0,96,0,0,0,0,0,0,62,0,0.00034,0.00034,0,0,0,0,0,0.8,0,0,0,0,0,0,1,0,0,0,0,0,0,0,0,30,0,,0,0,0,0,
20,6.92,0,-22.3,0,0,0,0,0,2.6255,6.4,0,0,4.9,0,0,0,0,0.0572958,0,0,0,0,95,0,0,0,0,0,0,62,0,0.00034,0.00034,0,0,0,0,0,0.8,0,0,0,0,0,0,1,0,0,0,0,0,0,0,0,99,0,,0,0,0,0,
21,9.22,0,-24.09,0,0,0,0,0,3.763,8.4125,0,0,5.3,0,0,0,0,0.0572958,0,0,0,0,65,0,0,0,0,0,0,62,0,0.00034,0.00034,0,0,0,0,0,1.2,0,0,0,0,0,0,1,0,0,0,0,0,0,0,0,99,0,,0,0,0,0,
23,6.05,0,-1.66,0,0,0,0,0,0.1755,6.05,-0.125,0,-6.3,0,0,0,0,0.0572958,0,0,0,0,98,0,0,0,0,0,0,62,0,0.00034,0.00034,0,0,0,0,0,1.8,0,0,0,0,0,0,1,0,0,0,0,0,0,0,0,98,0,,0,0,0,0,
24,10.52,0,-50.68,0,0,0,0,0,8.138,6.6625,0,0,22.7,0,0,0,0,0.0572958,0,0,0,0,65,0,0,0,0,0,0,62,0,0.00034,0.00034,0,0,0,0,0,0.8,0,0,0,0,0,0,1,0,0,0,0,0,0,0,0,99,0,,0,0,0,0,
76,6.32,0,13.61,0,0,0,0,0,-1.487,6.1375,-0.125,0,5.7,0,0,0,0,0.0572958,0,0,0,0,98,0,0,0,0,0,0,62,0,0.00034,0.00034,0,0,0,0,0,6.2,0,0,0,0,0,0,1,0,0,0,0,0,0,0,0,98,0,,0,0,0,0,
115,11.42,0,11.04,0,0,0,0,0,-2.187,11.2125,0,0,-16.3,0,0,0,0,0.0572958,0,0,0,0,65,0,0,0,0,0,0,62,0,0.00034,0.00034,0,0,0,0,0,0.8,0,0,0,0,0,0,1,0,0,0,0,0,0,0,0,99,0,,0,0,0,0,
END,Total:7
START,FrameNb:158,CameraNb:0,HeSaiNb:0,ARS410Nb:0
2026/08/02 16:23:57:245---->
heightOffset:0,1785659037245,1326921,selfCaliBufCnt:0,selfAccObjCnt:0,selfAccAngle:0,installHAngleOffset:0,Interpolation:0,installVAngleOffset:0,radarOffsetH:0,radarOffsetV:0.32,Polynom:-0.001023;-0.0511;-2.047;0;0;0;-0.001023;-0.0511;-2.047;-25.5;0;0,WheelDirection:0;0;0;0,selfAngleOffset:0,selfAngleOffsetPit:0,currCaliAngleHrz:0,currCaliAnglePit:0,selfCaliAngleHrz:0,selfCaliAnglePit:0,servCaliAngleHrz:0,servCaliAnglePit:0,offlineCaliAngleHrz:0,offlineCaliAnglePit:0,determine2useFlag:0,IMU_Z_Accel:0,IMU_X_AngularRate:0,IMU_Y_AngularRate:0,IMU_RollAngle:0,IMU_PitchAngle:0,IMU_YawAngle:0,FcwID:0,FCWWarningLevel:0,FCWTTC:0
16,16.56,-0.12,17.84,0,0,0,0,0,-5.0745,15.7625,-0.125,-0.125,-17.7,0,0,0,0,0.0572958,0,0,0,0,96,0,0,0,0,0,0,58,0,0.00034,0.00034,0,0,0,0,0,0.8,0,0,0,0,0,0,1,0,0,0,0,0,0,0,0,30,0,,0,0,0,0,
20,6.92,0,-22.3,0,0,0,0,0,2.6255,6.4,0,0,4.9,0,0,0,0,0.0572958,0,0,0,0,95,0,0,0,0,0,0,58,0,0.00034,0.00034,0,0,0,0,0,0.8,0,0,0,0,0,0,1,0,0,0,0,0,0,0,0,99,0,,0,0,0,0,
21,9.22,0,-24.09,0,0,0,0,0,3.763,8.4125,0,0,5.1,0,0,0,0,0.0572958,0,0,0,0,65,0,0,0,0,0,0,58,0,0.00034,0.00034,0,0,0,0,0,1,0,0,0,0,0,0,1,0,0,0,0,0,0,0,0,99,0,,0,0,0,0,
23,6.05,0,-1.66,0,0,0,0,0,0.1755,6.05,-0.125,0,-6.3,0,0,0,0,0.0572958,0,0,0,0,98,0,0,0,0,0,0,58,0,0.00034,0.00034,0,0,0,0,0,1.8,0,0,0,0,0,0,1,0,0,0,0,0,0,0,0,98,0,,0,0,0,0,
24,10.52,0,-50.68,0,0,0,0,0,8.138,6.6625,0,0,22.7,0,0,0,0,0.0572958,0,0,0,0,65,0,0,0,0,0,0,58,0,0.00034,0.00034,0,0,0,0,0,0.8,0,0,0,0,0,0,1,0,0,0,0,0,0,0,0,99,0,,0,0,0,0,
76,6.32,0,13.61,0,0,0,0,0,-1.487,6.1375,0,0,5.7,0,0,0,0,0.0572958,0,0,0,0,98,0,0,0,0,0,0,58,0,0.00034,0.00034,0,0,0,0,0,6.2,0,0,0,0,0,0,1,0,0,0,0,0,0,0,0,98,0,,0,0,0,0,
115,11.42,0,11.04,0,0,0,0,0,-2.187,11.2125,0,0,-16.3,0,0,0,0,0.0572958,0,0,0,0,65,0,0,0,0,0,0,58,0,0.00034,0.00034,0,0,0,0,0,0.8,0,0,0,0,0,0,1,0,0,0,0,0,0,0,0,99,0,,0,0,0,0,
END,Total:7
START,FrameNb:159,CameraNb:0,HeSaiNb:0,ARS410Nb:0
2026/08/02 16:23:57:274---->
heightOffset:0,1785659037274,1326971,selfCaliBufCnt:0,selfAccObjCnt:0,selfAccAngle:0,installHAngleOffset:0,Interpolation:0,installVAngleOffset:0,radarOffsetH:0,radarOffsetV:0.32,Polynom:-0.001023;-0.0511;-2.047;0;0;0;-0.001023;-0.0511;-2.047;-25.5;0;0,WheelDirection:0;0;0;0,selfAngleOffset:0,selfAngleOffsetPit:0,currCaliAngleHrz:0,currCaliAnglePit:0,selfCaliAngleHrz:0,selfCaliAnglePit:0,servCaliAngleHrz:0,servCaliAnglePit:0,offlineCaliAngleHrz:0,offlineCaliAnglePit:0,determine2useFlag:0,IMU_Z_Accel:0,IMU_X_AngularRate:0,IMU_Y_AngularRate:0,IMU_RollAngle:0,IMU_PitchAngle:0,IMU_YawAngle:0,FcwID:0,FCWWarningLevel:0,FCWTTC:0
16,16.56,-0.12,17.84,0,0,0,0,0,-5.0745,15.7625,0,-0.125,-17.7,0,0,0,0,0.0572958,0,0,0,0,96,0,0,0,0,0,0,59,0,0.00034,0.00034,0,0,0,0,0,0.8,0,0,0,0,0,0,1,0,0,0,0,0,0,0,0,30,0,,0,0,0,0,
20,6.92,0,-22.3,0,0,0,0,0,2.6255,6.4,0,0,4.9,0,0,0,0,0.0572958,0,0,0,0,95,0,0,0,0,0,0,59,0,0.00034,0.00034,0,0,0,0,0,0.8,0,0,0,0,0,0,1,0,0,0,0,0,0,0,0,99,0,,0,0,0,0,
21,9.22,0,-24.09,0,0,0,0,0,3.763,8.4125,0,0,4.9,0,0,0,0,0.0572958,0,0,0,0,65,0,0,0,0,0,0,59,0,0.00034,0.00034,0,0,0,0,0,1,0,0,0,0,0,0,1,0,0,0,0,0,0,0,0,99,0,,0,0,0,0,
23,6.05,0,-1.66,0,0,0,0,0,0.1755,6.05,-0.125,0,-6.3,0,0,0,0,0.0572958,0,0,0,0,98,0,0,0,0,0,0,59,0,0.00034,0.00034,0,0,0,0,0,1.6,0,0,0,0,0,0,1,0,0,0,0,0,0,0,0,98,0,,0,0,0,0,
24,10.52,0,-50.68,0,0,0,0,0,8.138,6.6625,0,0,22.5,0,0,0,0,0.0572958,0,0,0,0,65,0,0,0,0,0,0,59,0,0.00034,0.00034,0,0,0,0,0,0.8,0,0,0,0,0,0,1,0,0,0,0,0,0,0,0,99,0,,0,0,0,0,
76,6.32,0,13.61,0,0,0,0,0,-1.487,6.1375,-0.125,0,5.7,0,0,0,0,0.0572958,0,0,0,0,98,0,0,0,0,0,0,59,0,0.00034,0.00034,0,0,0,0,0,6.4,0,0,0,0,0,0,1,0,0,0,0,0,0,0,0,98,0,,0,0,0,0,
115,11.42,0,11.04,0,0,0,0,0,-2.187,11.2125,0,0,-16.1,0,0,0,0,0.0572958,0,0,0,0,65,0,0,0,0,0,0,59,0,0.00034,0.00034,0,0,0,0,0,0.8,0,0,0,0,0,0,1,0,0,0,0,0,0,0,0,99,0,,0,0,0,0,
END,Total:7
START,FrameNb:160,CameraNb:0,HeSaiNb:0,ARS410Nb:0
2026/08/02 16:23:57:336---->
heightOffset:0,1785659037336,1327022,selfCaliBufCnt:0,selfAccObjCnt:0,selfAccAngle:0,installHAngleOffset:0,Interpolation:0,installVAngleOffset:0,radarOffsetH:0,radarOffsetV:0.32,Polynom:-0.001023;-0.0511;-2.047;0;0;0;-0.001023;-0.0511;-2.047;-25.5;0;0,WheelDirection:0;0;0;0,selfAngleOffset:0,selfAngleOffsetPit:0,currCaliAngleHrz:0,currCaliAnglePit:0,selfCaliAngleHrz:0,selfCaliAnglePit:0,servCaliAngleHrz:0,servCaliAnglePit:0,offlineCaliAngleHrz:0,offlineCaliAnglePit:0,determine2useFlag:0,IMU_Z_Accel:0,IMU_X_AngularRate:0,IMU_Y_AngularRate:0,IMU_RollAngle:0,IMU_PitchAngle:0,IMU_YawAngle:0,FcwID:0,FCWWarningLevel:0,FCWTTC:0
16,16.56,-0.12,17.84,0,0,0,0,0,-5.0745,15.7625,0,-0.125,-17.7,0,0,0,0,0.0572958,0,0,0,0,96,0,0,0,0,0,0,54,0,0.00034,0.00034,0,0,0,0,0,0.8,0,0,0,0,0,0,1,0,0,0,0,0,0,0,0,30,0,,0,0,0,0,
20,6.92,0,-22.3,0,0,0,0,0,2.6255,6.4,0,0,4.9,0,0,0,0,0.0572958,0,0,0,0,95,0,0,0,0,0,0,54,0,0.00034,0.00034,0,0,0,0,0,0.8,0,0,0,0,0,0,1,0,0,0,0,0,0,0,0,99,0,,0,0,0,0,
21,9.22,0,-24.09,0,0,0,0,0,3.763,8.4125,0,0,4.9,0,0,0,0,0.0572958,0,0,0,0,65,0,0,0,0,0,0,54,0,0.00034,0.00034,0,0,0,0,0,1,0,0,0,0,0,0,1,0,0,0,0,0,0,0,0,99,0,,0,0,0,0,
23,6.05,0,-1.66,0,0,0,0,0,0.1755,6.05,-0.125,0,-6.3,0,0,0,0,0.0572958,0,0,0,0,98,0,0,0,0,0,0,54,0,0.00034,0.00034,0,0,0,0,0,1.6,0,0,0,0,0,0,1,0,0,0,0,0,0,0,0,98,0,,0,0,0,0,
24,10.52,0,-50.68,0,0,0,0,0,8.138,6.6625,0,0,22.5,0,0,0,0,0.0572958,0,0,0,0,65,0,0,0,0,0,0,54,0,0.00034,0.00034,0,0,0,0,0,0.8,0,0,0,0,0,0,1,0,0,0,0,0,0,0,0,99,0,,0,0,0,0,
76,6.32,0,13.61,0,0,0,0,0,-1.487,6.1375,-0.125,0,5.7,0,0,0,0,0.0572958,0,0,0,0,98,0,0,0,0,0,0,54,0,0.00034,0.00034,0,0,0,0,0,6.4,0,0,0,0,0,0,1,0,0,0,0,0,0,0,0,98,0,,0,0,0,0,
115,11.42,0,11.04,0,0,0,0,0,-2.187,11.2125,0,0,-16.1,0,0,0,0,0.0572958,0,0,0,0,65,0,0,0,0,0,0,54,0,0.00034,0.00034,0,0,0,0,0,0.8,0,0,0,0,0,0,1,0,0,0,0,0,0,0,0,99,0,,0,0,0,0,
END,Total:7
START,FrameNb:161,CameraNb:0,HeSaiNb:0,ARS410Nb:0
2026/08/02 16:23:57:390---->
heightOffset:0,1785659037390,1327072,selfCaliBufCnt:0,selfAccObjCnt:0,selfAccAngle:0,installHAngleOffset:0,Interpolation:0,installVAngleOffset:0,radarOffsetH:0,radarOffsetV:0.32,Polynom:-0.001023;-0.0511;-2.047;0;0;0;-0.001023;-0.0511;-2.047;-25.5;0;0,WheelDirection:0;0;0;0,selfAngleOffset:0,selfAngleOffsetPit:0,currCaliAngleHrz:0,currCaliAnglePit:0,selfCaliAngleHrz:0,selfCaliAnglePit:0,servCaliAngleHrz:0,servCaliAnglePit:0,offlineCaliAngleHrz:0,offlineCaliAnglePit:0,determine2useFlag:0,IMU_Z_Accel:0,IMU_X_AngularRate:0,IMU_Y_AngularRate:0,IMU_RollAngle:0,IMU_PitchAngle:0,IMU_YawAngle:0,FcwID:0,FCWWarningLevel:0,FCWTTC:0
16,16.56,-0.12,17.84,0,0,0,0,0,-5.0745,15.7625,-0.125,-0.125,-17.7,0,0,0,0,0.0572958,0,0,0,0,96,0,0,0,0,0,0,54,0,0.00034,0.00034,0,0,0,0,0,0.8,0,0,0,0,0,0,1,0,0,0,0,0,0,0,0,30,0,,0,0,0,0,
20,6.92,0,-22.3,0,0,0,0,0,2.6255,6.4,0,0,4.9,0,0,0,0,0.0572958,0,0,0,0,95,0,0,0,0,0,0,54,0,0.00034,0.00034,0,0,0,0,0,0.8,0,0,0,0,0,0,1,0,0,0,0,0,0,0,0,99,0,,0,0,0,0,
21,9.22,0,-24.09,0,0,0,0,0,3.763,8.4125,0,0,4.9,0,0,0,0,0.0572958,0,0,0,0,65,0,0,0,0,0,0,54,0,0.00034,0.00034,0,0,0,0,0,1,0,0,0,0,0,0,1,0,0,0,0,0,0,0,0,99,0,,0,0,0,0,
23,6.05,0,-1.66,0,0,0,0,0,0.1755,6.05,-0.125,0,-6.3,0,0,0,0,0.0572958,0,0,0,0,98,0,0,0,0,0,0,54,0,0.00034,0.00034,0,0,0,0,0,1.6,0,0,0,0,0,0,1,0,0,0,0,0,0,0,0,98,0,,0,0,0,0,
24,10.52,0,-50.68,0,0,0,0,0,8.138,6.6625,0,0,22.5,0,0,0,0,0.0572958,0,0,0,0,65,0,0,0,0,0,0,54,0,0.00034,0.00034,0,0,0,0,0,0.8,0,0,0,0,0,0,1,0,0,0,0,0,0,0,0,99,0,,0,0,0,0,
76,6.32,0,13.61,0,0,0,0,0,-1.487,6.1375,0,0,5.7,0,0,0,0,0.0572958,0,0,0,0,98,0,0,0,0,0,0,54,0,0.00034,0.00034,0,0,0,0,0,6.4,0,0,0,0,0,0,1,0,0,0,0,0,0,0,0,98,0,,0,0,0,0,
115,11.42,0,11.04,0,0,0,0,0,-2.187,11.2125,0,0,-16.1,0,0,0,0,0.0572958,0,0,0,0,65,0,0,0,0,0,0,54,0,0.00034,0.00034,0,0,0,0,0,0.8,0,0,0,0,0,0,1,0,0,0,0,0,0,0,0,99,0,,0,0,0,0,
END,Total:7
START,FrameNb:162,CameraNb:0,HeSaiNb:0,ARS410Nb:0
2026/08/02 16:23:57:430---->
heightOffset:0,1785659037430,1327122,selfCaliBufCnt:0,selfAccObjCnt:0,selfAccAngle:0,installHAngleOffset:0,Interpolation:0,installVAngleOffset:0,radarOffsetH:0,radarOffsetV:0.32,Polynom:-0.001023;-0.0511;-2.047;0;0;0;-0.001023;-0.0511;-2.047;-25.5;0;0,WheelDirection:0;0;0;0,selfAngleOffset:0,selfAngleOffsetPit:0,currCaliAngleHrz:0,currCaliAnglePit:0,selfCaliAngleHrz:0,selfCaliAnglePit:0,servCaliAngleHrz:0,servCaliAnglePit:0,offlineCaliAngleHrz:0,offlineCaliAnglePit:0,determine2useFlag:0,IMU_Z_Accel:0,IMU_X_AngularRate:0,IMU_Y_AngularRate:0,IMU_RollAngle:0,IMU_PitchAngle:0,IMU_YawAngle:0,FcwID:0,FCWWarningLevel:0,FCWTTC:0
16,16.56,-0.12,17.84,0,0,0,0,0,-5.0745,15.7625,-0.125,-0.125,-17.7,0,0,0,0,0.0572958,0,0,0,0,96,0,0,0,0,0,0,58,0,0.00034,0.00034,0,0,0,0,0,0.8,0,0,0,0,0,0,1,0,0,0,0,0,0,0,0,30,0,,0,0,0,0,
20,6.92,0,-22.3,0,0,0,0,0,2.6255,6.4,0,0,4.9,0,0,0,0,0.0572958,0,0,0,0,95,0,0,0,0,0,0,58,0,0.00034,0.00034,0,0,0,0,0,0.8,0,0,0,0,0,0,1,0,0,0,0,0,0,0,0,99,0,,0,0,0,0,
21,9.22,0,-24.09,0,0,0,0,0,3.763,8.4125,0,0,4.9,0,0,0,0,0.0572958,0,0,0,0,65,0,0,0,0,0,0,58,0,0.00034,0.00034,0,0,0,0,0,1,0,0,0,0,0,0,1,0,0,0,0,0,0,0,0,99,0,,0,0,0,0,
23,6.05,0,-1.66,0,0,0,0,0,0.1755,6.05,0,0,-6.3,0,0,0,0,0.0572958,0,0,0,0,98,0,0,0,0,0,0,58,0,0.00034,0.00034,0,0,0,0,0,1.8,0,0,0,0,0,0,1,0,0,0,0,0,0,0,0,98,0,,0,0,0,0,
24,10.52,-0.08,-50.68,0,0,0,0,0,8.138,6.6625,0,-0.125,22.5,0,0,0,0,0.0572958,0,0,0,0,65,0,0,0,0,0,0,58,0,0.00034,0.00034,0,0,0,0,0,0.8,0,0,0,0,0,0,1,0,0,0,0,0,0,0,0,99,0,,0,0,0,0,
76,6.32,0,13.61,0,0,0,0,0,-1.487,6.1375,-0.125,0,5.7,0,0,0,0,0.0572958,0,0,0,0,98,0,0,0,0,0,0,58,0,0.00034,0.00034,0,0,0,0,0,6.2,0,0,0,0,0,0,1,0,0,0,0,0,0,0,0,98,0,,0,0,0,0,
115,11.42,0,11.04,0,0,0,0,0,-2.187,11.2125,0,0,-16.1,0,0,0,0,0.0572958,0,0,0,0,65,0,0,0,0,0,0,58,0,0.00034,0.00034,0,0,0,0,0,0.8,0,0,0,0,0,0,1,0,0,0,0,0,0,0,0,99,0,,0,0,0,0,
END,Total:7
START,FrameNb:163,CameraNb:0,HeSaiNb:0,ARS410Nb:0
2026/08/02 16:23:57:493---->
heightOffset:0,1785659037493,1327171,selfCaliBufCnt:0,selfAccObjCnt:0,selfAccAngle:0,installHAngleOffset:0,Interpolation:0,installVAngleOffset:0,radarOffsetH:0,radarOffsetV:0.32,Polynom:-0.001023;-0.0511;-2.047;0;0;0;-0.001023;-0.0511;-2.047;-25.5;0;0,WheelDirection:0;0;0;0,selfAngleOffset:0,selfAngleOffsetPit:0,currCaliAngleHrz:0,currCaliAnglePit:0,selfCaliAngleHrz:0,selfCaliAnglePit:0,servCaliAngleHrz:0,servCaliAnglePit:0,offlineCaliAngleHrz:0,offlineCaliAnglePit:0,determine2useFlag:0,IMU_Z_Accel:0,IMU_X_AngularRate:0,IMU_Y_AngularRate:0,IMU_RollAngle:0,IMU_PitchAngle:0,IMU_YawAngle:0,FcwID:0,FCWWarningLevel:0,FCWTTC:0
16,16.56,0,17.84,0,0,0,0,0,-5.0745,15.7625,-0.125,0,-17.7,0,0,0,0,0.0572958,0,0,0,0,96,0,0,0,0,0,0,54,0,0.00034,0.00034,0,0,0,0,0,0.8,0,0,0,0,0,0,1,0,0,0,0,0,0,0,0,30,0,,0,0,0,0,
20,6.92,0,-22.3,0,0,0,0,0,2.6255,6.4,0,0,4.9,0,0,0,0,0.0572958,0,0,0,0,94,0,0,0,0,0,0,54,0,0.00034,0.00034,0,0,0,0,0,1.2,0,0,0,0,0,0,1,0,0,0,0,0,0,0,0,99,0,,0,0,0,0,
21,9.22,0,-24.09,0,0,0,0,0,3.763,8.4125,0,0,5.1,0,0,0,0,0.0572958,0,0,0,0,65,0,0,0,0,0,0,54,0,0.00034,0.00034,0,0,0,0,0,1.6,0,0,0,0,0,0,1,0,0,0,0,0,0,0,0,99,0,,0,0,0,0,
23,6.05,0,-1.66,0,0,0,0,0,0.1755,6.05,-0.125,0,-6.3,0,0,0,0,0.0572958,0,0,0,0,98,0,0,0,0,0,0,54,0,0.00034,0.00034,0,0,0,0,0,1.8,0,0,0,0,0,0,1,0,0,0,0,0,0,0,0,98,0,,0,0,0,0,
24,10.52,-0.08,-50.68,0,0,0,0,0,8.138,6.6625,0,-0.125,22.5,0,0,0,0,0.0572958,0,0,0,0,65,0,0,0,0,0,0,54,0,0.00034,0.00034,0,0,0,0,0,0.8,0,0,0,0,0,0,1,0,0,0,0,0,0,0,0,99,0,,0,0,0,0,
76,6.32,0,13.61,0,0,0,0,0,-1.487,6.1375,0,0,5.7,0,0,0,0,0.0572958,0,0,0,0,98,0,0,0,0,0,0,54,0,0.00034,0.00034,0,0,0,0,0,6.2,0,0,0,0,0,0,1,0,0,0,0,0,0,0,0,98,0,,0,0,0,0,
115,11.42,0,11.04,0,0,0,0,0,-2.187,11.2125,0,0,-16.1,0,0,0,0,0.0572958,0,0,0,0,65,0,0,0,0,0,0,54,0,0.00034,0.00034,0,0,0,0,0,0.8,0,0,0,0,0,0,1,0,0,0,0,0,0,0,0,99,0,,0,0,0,0,
END,Total:7
START,FrameNb:164,CameraNb:0,HeSaiNb:0,ARS410Nb:0
2026/08/02 16:23:57:525---->
heightOffset:0,1785659037525,1327221,selfCaliBufCnt:0,selfAccObjCnt:0,selfAccAngle:0,installHAngleOffset:0,Interpolation:0,installVAngleOffset:0,radarOffsetH:0,radarOffsetV:0.32,Polynom:-0.001023;-0.0511;-2.047;0;0;0;-0.001023;-0.0511;-2.047;-25.5;0;0,WheelDirection:0;0;0;0,selfAngleOffset:0,selfAngleOffsetPit:0,currCaliAngleHrz:0,currCaliAnglePit:0,selfCaliAngleHrz:0,selfCaliAnglePit:0,servCaliAngleHrz:0,servCaliAnglePit:0,offlineCaliAngleHrz:0,offlineCaliAnglePit:0,determine2useFlag:0,IMU_Z_Accel:0,IMU_X_AngularRate:0,IMU_Y_AngularRate:0,IMU_RollAngle:0,IMU_PitchAngle:0,IMU_YawAngle:0,FcwID:0,FCWWarningLevel:0,FCWTTC:0
16,16.56,0,17.84,0,0,0,0,0,-5.0745,15.7625,-0.125,0,-17.7,0,0,0,0,0.0572958,0,0,0,0,96,0,0,0,0,0,0,58,0,0.00034,0.00034,0,0,0,0,0,0.8,0,0,0,0,0,0,1,0,0,0,0,0,0,0,0,30,0,,0,0,0,0,
20,6.92,0,-22.3,0,0,0,0,0,2.6255,6.4,0,0,4.9,0,0,0,0,0.0572958,0,0,0,0,93,0,0,0,0,0,0,58,0,0.00034,0.00034,0,0,0,0,0,1.2,0,0,0,0,0,0,1,0,0,0,0,0,0,0,0,99,0,,0,0,0,0,
21,9.22,0,-24.09,0,0,0,0,0,3.763,8.4125,-0.125,0,5.3,0,0,0,0,0.0572958,0,0,0,0,65,0,0,0,0,0,0,58,0,0.00034,0.00034,0,0,0,0,0,2,0,0,0,0,0,0,1,0,0,0,0,0,0,0,0,99,0,,0,0,0,0,
23,6.05,0,-1.66,0,0,0,0,0,0.1755,6.05,-0.125,0,-6.3,0,0,0,0,0.0572958,0,0,0,0,98,0,0,0,0,0,0,58,0,0.00034,0.00034,0,0,0,0,0,1.8,0,0,0,0,0,0,1,0,0,0,0,0,0,0,0,98,0,,0,0,0,0,
24,10.52,-0.08,-50.68,0,0,0,0,0,8.138,6.6625,0,-0.125,22.5,0,0,0,0,0.0572958,0,0,0,0,65,0,0,0,0,0,0,58,0,0.00034,0.00034,0,0,0,0,0,0.8,0,0,0,0,0,0,1,0,0,0,0,0,0,0,0,99,0,,0,0,0,0,
76,6.32,0,13.61,0,0,0,0,0,-1.487,6.1375,-0.125,0,5.7,0,0,0,0,0.0572958,0,0,0,0,98,0,0,0,0,0,0,58,0,0.00034,0.00034,0,0,0,0,0,6.2,0,0,0,0,0,0,1,0,0,0,0,0,0,0,0,98,0,,0,0,0,0,
115,11.42,0,11.04,0,0,0,0,0,-2.187,11.2125,0,0,-16.1,0,0,0,0,0.0572958,0,0,0,0,65,0,0,0,0,0,0,58,0,0.00034,0.00034,0,0,0,0,0,1,0,0,0,0,0,0,1,0,0,0,0,0,0,0,0,99,0,,0,0,0,0,
END,Total:7
START,FrameNb:165,CameraNb:0,HeSaiNb:0,ARS410Nb:0
2026/08/02 16:23:57:589---->
heightOffset:0,1785659037589,1327271,selfCaliBufCnt:0,selfAccObjCnt:0,selfAccAngle:0,installHAngleOffset:0,Interpolation:0,installVAngleOffset:0,radarOffsetH:0,radarOffsetV:0.32,Polynom:-0.001023;-0.0511;-2.047;0;0;0;-0.001023;-0.0511;-2.047;-25.5;0;0,WheelDirection:0;0;0;0,selfAngleOffset:0,selfAngleOffsetPit:0,currCaliAngleHrz:0,currCaliAnglePit:0,selfCaliAngleHrz:0,selfCaliAnglePit:0,servCaliAngleHrz:0,servCaliAnglePit:0,offlineCaliAngleHrz:0,offlineCaliAnglePit:0,determine2useFlag:0,IMU_Z_Accel:0,IMU_X_AngularRate:0,IMU_Y_AngularRate:0,IMU_RollAngle:0,IMU_PitchAngle:0,IMU_YawAngle:0,FcwID:0,FCWWarningLevel:0,FCWTTC:0
16,16.56,0,17.84,0,0,0,0,0,-5.0745,15.7625,-0.125,0,-17.7,0,0,0,0,0.0572958,0,0,0,0,96,0,0,0,0,0,0,58,0,0.00034,0.00034,0,0,0,0,0,0.8,0,0,0,0,0,0,1,0,0,0,0,0,0,0,0,30,0,,0,0,0,0,
20,6.92,0,-22.3,0,0,0,0,0,2.6255,6.4,0,0,4.9,0,0,0,0,0.0572958,0,0,0,0,90,0,0,0,0,0,0,58,0,0.00034,0.00034,0,0,0,0,0,1.4,0,0,0,0,0,0,1,0,0,0,0,0,0,0,0,99,0,,0,0,0,0,
21,9.22,0,-24.09,0,0,0,0,0,3.763,8.4125,-0.125,0,5.5,0,0,0,0,0.0572958,0,0,0,0,65,0,0,0,0,0,0,58,0,0.00034,0.00034,0,0,0,0,0,2.4,0,0,0,0,0,0,1,0,0,0,0,0,0,0,0,99,0,,0,0,0,0,
23,6.05,0,-1.66,0,0,0,0,0,0.1755,6.05,-0.125,0,-6.3,0,0,0,0,0.0572958,0,0,0,0,98,0,0,0,0,0,0,58,0,0.00034,0.00034,0,0,0,0,0,1.8,0,0,0,0,0,0,1,0,0,0,0,0,0,0,0,98,0,,0,0,0,0,
24,10.52,-0.08,-50.68,0,0,0,0,0,8.138,6.6625,0,-0.125,22.5,0,0,0,0,0.0572958,0,0,0,0,65,0,0,0,0,0,0,58,0,0.00034,0.00034,0,0,0,0,0,0.8,0,0,0,0,0,0,1,0,0,0,0,0,0,0,0,99,0,,0,0,0,0,
76,6.32,0,13.61,0,0,0,0,0,-1.487,6.1375,0,0,5.7,0,0,0,0,0.0572958,0,0,0,0,98,0,0,0,0,0,0,58,0,0.00034,0.00034,0,0,0,0,0,6.2,0,0,0,0,0,0,1,0,0,0,0,0,0,0,0,98,0,,0,0,0,0,
115,11.42,0,11.04,0,0,0,0,0,-2.187,11.2125,0,0,-16.1,0,0,0,0,0.0572958,0,0,0,0,65,0,0,0,0,0,0,58,0,0.00034,0.00034,0,0,0,0,0,1,0,0,0,0,0,0,1,0,0,0,0,0,0,0,0,99,0,,0,0,0,0,
END,Total:7
START,FrameNb:166,CameraNb:0,HeSaiNb:0,ARS410Nb:0
2026/08/02 16:23:57:641---->
heightOffset:0,1785659037641,1327321,selfCaliBufCnt:0,selfAccObjCnt:0,selfAccAngle:0,installHAngleOffset:0,Interpolation:0,installVAngleOffset:0,radarOffsetH:0,radarOffsetV:0.32,Polynom:-0.001023;-0.0511;-2.047;0;0;0;-0.001023;-0.0511;-2.047;-25.5;0;0,WheelDirection:0;0;0;0,selfAngleOffset:0,selfAngleOffsetPit:0,currCaliAngleHrz:0,currCaliAnglePit:0,selfCaliAngleHrz:0,selfCaliAnglePit:0,servCaliAngleHrz:0,servCaliAnglePit:0,offlineCaliAngleHrz:0,offlineCaliAnglePit:0,determine2useFlag:0,IMU_Z_Accel:0,IMU_X_AngularRate:0,IMU_Y_AngularRate:0,IMU_RollAngle:0,IMU_PitchAngle:0,IMU_YawAngle:0,FcwID:0,FCWWarningLevel:0,FCWTTC:0
16,16.56,0,17.84,0,0,0,0,0,-5.0745,15.7625,-0.125,0,-17.7,0,0,0,0,0.0572958,0,0,0,0,96,0,0,0,0,0,0,64,0,0.00034,0.00034,0,0,0,0,0,0.8,0,0,0,0,0,0,1,0,0,0,0,0,0,0,0,30,0,,0,0,0,0,
20,6.92,0,-22.3,0,0,0,0,0,2.6255,6.4,0,0,4.9,0,0,0,0,0.0572958,0,0,0,0,89,0,0,0,0,0,0,64,0,0.00034,0.00034,0,0,0,0,0,1.2,0,0,0,0,0,0,1,0,0,0,0,0,0,0,0,99,0,,0,0,0,0,
21,9.22,0,-24.09,0,0,0,0,0,3.763,8.4125,-0.125,0,5.5,0,0,0,0,0.0572958,0,0,0,0,65,0,0,0,0,0,0,64,0,0.00034,0.00034,0,0,0,0,0,2,0,0,0,0,0,0,1,0,0,0,0,0,0,0,0,99,0,,0,0,0,0,
23,6.05,0,-1.66,0,0,0,0,0,0.1755,6.05,-0.125,0,-6.3,0,0,0,0,0.0572958,0,0,0,0,98,0,0,0,0,0,0,64,0,0.00034,0.00034,0,0,0,0,0,1.8,0,0,0,0,0,0,1,0,0,0,0,0,0,0,0,98,0,,0,0,0,0,
24,10.52,-0.08,-50.68,0,0,0,0,0,8.138,6.6625,0,-0.125,22.5,0,0,0,0,0.0572958,0,0,0,0,65,0,0,0,0,0,0,64,0,0.00034,0.00034,0,0,0,0,0,0.8,0,0,0,0,0,0,1,0,0,0,0,0,0,0,0,99,0,,0,0,0,0,
76,6.32,0,13.61,0,0,0,0,0,-1.487,6.1375,0,0,5.7,0,0,0,0,0.0572958,0,0,0,0,98,0,0,0,0,0,0,64,0,0.00034,0.00034,0,0,0,0,0,6.2,0,0,0,0,0,0,1,0,0,0,0,0,0,0,0,98,0,,0,0,0,0,
115,11.42,0,11.04,0,0,0,0,0,-2.187,11.2125,0,0,-16.1,0,0,0,0,0.0572958,0,0,0,0,65,0,0,0,0,0,0,64,0,0.00034,0.00034,0,0,0,0,0,1,0,0,0,0,0,0,1,0,0,0,0,0,0,0,0,99,0,,0,0,0,0,
END,Total:7
START,FrameNb:167,CameraNb:0,HeSaiNb:0,ARS410Nb:0
2026/08/02 16:23:57:682---->
heightOffset:0,1785659037682,1327371,selfCaliBufCnt:0,selfAccObjCnt:0,selfAccAngle:0,installHAngleOffset:0,Interpolation:0,installVAngleOffset:0,radarOffsetH:0,radarOffsetV:0.32,Polynom:-0.001023;-0.0511;-2.047;0;0;0;-0.001023;-0.0511;-2.047;-25.5;0;0,WheelDirection:0;0;0;0,selfAngleOffset:0,selfAngleOffsetPit:0,currCaliAngleHrz:0,currCaliAnglePit:0,selfCaliAngleHrz:0,selfCaliAnglePit:0,servCaliAngleHrz:0,servCaliAnglePit:0,offlineCaliAngleHrz:0,offlineCaliAnglePit:0,determine2useFlag:0,IMU_Z_Accel:0,IMU_X_AngularRate:0,IMU_Y_AngularRate:0,IMU_RollAngle:0,IMU_PitchAngle:0,IMU_YawAngle:0,FcwID:0,FCWWarningLevel:0,FCWTTC:0
16,16.56,0,17.84,0,0,0,0,0,-5.0745,15.7625,-0.125,0,-17.7,0,0,0,0,0.0572958,0,0,0,0,96,0,0,0,0,0,0,54,0,0.00034,0.00034,0,0,0,0,0,0.8,0,0,0,0,0,0,1,0,0,0,0,0,0,0,0,30,0,,0,0,0,0,
20,6.92,0,-22.3,0,0,0,0,0,2.6255,6.4,0,0,4.9,0,0,0,0,0.0572958,0,0,0,0,87,0,0,0,0,0,0,54,0,0.00034,0.00034,0,0,0,0,0,1.4,0,0,0,0,0,0,1,0,0,0,0,0,0,0,0,99,0,,0,0,0,0,
21,9.22,0,-24.09,0,0,0,0,0,3.763,8.4125,-0.125,0,5.5,0,0,0,0,0.0572958,0,0,0,0,65,0,0,0,0,0,0,54,0,0.00034,0.00034,0,0,0,0,0,1.8,0,0,0,0,0,0,1,0,0,0,0,0,0,0,0,99,0,,0,0,0,0,
23,6.05,0,-1.66,0,0,0,0,0,0.1755,6.05,-0.125,0,-6.3,0,0,0,0,0.0572958,0,0,0,0,98,0,0,0,0,0,0,54,0,0.00034,0.00034,0,0,0,0,0,1.8,0,0,0,0,0,0,1,0,0,0,0,0,0,0,0,98,0,,0,0,0,0,
24,10.52,-0.08,-50.68,0,0,0,0,0,8.138,6.6625,0,-0.125,22.5,0,0,0,0,0.0572958,0,0,0,0,65,0,0,0,0,0,0,54,0,0.00034,0.00034,0,0,0,0,0,0.8,0,0,0,0,0,0,1,0,0,0,0,0,0,0,0,99,0,,0,0,0,0,
76,6.32,0,13.61,0,0,0,0,0,-1.487,6.1375,0,0,5.7,0,0,0,0,0.0572958,0,0,0,0,98,0,0,0,0,0,0,54,0,0.00034,0.00034,0,0,0,0,0,6.2,0,0,0,0,0,0,1,0,0,0,0,0,0,0,0,98,0,,0,0,0,0,
115,11.42,-0.12,11.04,0,0,0,0,0,-2.187,11.2125,0,-0.125,-16.1,0,0,0,0,0.0572958,0,0,0,0,65,0,0,0,0,0,0,54,0,0.00034,0.00034,0,0,0,0,0,1,0,0,0,0,0,0,1,0,0,0,0,0,0,0,0,99,0,,0,0,0,0,
END,Total:7
START,FrameNb:168,CameraNb:0,HeSaiNb:0,ARS410Nb:0
2026/08/02 16:23:57:745---->
heightOffset:0,1785659037745,1327422,selfCaliBufCnt:0,selfAccObjCnt:0,selfAccAngle:0,installHAngleOffset:0,Interpolation:0,installVAngleOffset:0,radarOffsetH:0,radarOffsetV:0.32,Polynom:-0.001023;-0.0511;-2.047;0;0;0;-0.001023;-0.0511;-2.047;-25.5;0;0,WheelDirection:0;0;0;0,selfAngleOffset:0,selfAngleOffsetPit:0,currCaliAngleHrz:0,currCaliAnglePit:0,selfCaliAngleHrz:0,selfCaliAnglePit:0,servCaliAngleHrz:0,servCaliAnglePit:0,offlineCaliAngleHrz:0,offlineCaliAnglePit:0,determine2useFlag:0,IMU_Z_Accel:0,IMU_X_AngularRate:0,IMU_Y_AngularRate:0,IMU_RollAngle:0,IMU_PitchAngle:0,IMU_YawAngle:0,FcwID:0,FCWWarningLevel:0,FCWTTC:0
16,16.56,0,17.84,0,0,0,0,0,-5.0745,15.7625,-0.125,0,-17.7,0,0,0,0,0.0572958,0,0,0,0,96,0,0,0,0,0,0,58,0,0.00034,0.00034,0,0,0,0,0,0.8,0,0,0,0,0,0,1,0,0,0,0,0,0,0,0,30,0,,0,0,0,0,
20,6.92,0,-22.3,0,0,0,0,0,2.6255,6.4,0,0,4.9,0,0,0,0,0.0572958,0,0,0,0,87,0,0,0,0,0,0,58,0,0.00034,0.00034,0,0,0,0,0,1.4,0,0,0,0,0,0,1,0,0,0,0,0,0,0,0,99,0,,0,0,0,0,
21,9.22,0,-24.09,0,0,0,0,0,3.763,8.4125,-0.125,0,5.5,0,0,0,0,0.0572958,0,0,0,0,65,0,0,0,0,0,0,58,0,0.00034,0.00034,0,0,0,0,0,1.8,0,0,0,0,0,0,1,0,0,0,0,0,0,0,0,99,0,,0,0,0,0,
23,6.05,0,-1.66,0,0,0,0,0,0.1755,6.05,-0.125,0,-6.3,0,0,0,0,0.0572958,0,0,0,0,98,0,0,0,0,0,0,58,0,0.00034,0.00034,0,0,0,0,0,1.8,0,0,0,0,0,0,1,0,0,0,0,0,0,0,0,98,0,,0,0,0,0,
24,10.52,-0.08,-50.68,0,0,0,0,0,8.138,6.6625,0,-0.125,22.5,0,0,0,0,0.0572958,0,0,0,0,65,0,0,0,0,0,0,58,0,0.00034,0.00034,0,0,0,0,0,0.8,0,0,0,0,0,0,1,0,0,0,0,0,0,0,0,99,0,,0,0,0,0,
76,6.32,0,13.61,0,0,0,0,0,-1.487,6.1375,0,0,5.7,0,0,0,0,0.0572958,0,0,0,0,98,0,0,0,0,0,0,58,0,0.00034,0.00034,0,0,0,0,0,6.2,0,0,0,0,0,0,1,0,0,0,0,0,0,0,0,98,0,,0,0,0,0,
115,11.42,-0.12,11.04,0,0,0,0,0,-2.187,11.2125,0,-0.125,-16.1,0,0,0,0,0.0572958,0,0,0,0,65,0,0,0,0,0,0,58,0,0.00034,0.00034,0,0,0,0,0,1,0,0,0,0,0,0,1,0,0,0,0,0,0,0,0,99,0,,0,0,0,0,
END,Total:7
START,FrameNb:169,CameraNb:0,HeSaiNb:0,ARS410Nb:0
2026/08/02 16:23:57:776---->
heightOffset:0,1785659037776,1327472,selfCaliBufCnt:0,selfAccObjCnt:0,selfAccAngle:0,installHAngleOffset:0,Interpolation:0,installVAngleOffset:0,radarOffsetH:0,radarOffsetV:0.32,Polynom:-0.001023;-0.0511;-2.047;0;0;0;-0.001023;-0.0511;-2.047;-25.5;0;0,WheelDirection:0;0;0;0,selfAngleOffset:0,selfAngleOffsetPit:0,currCaliAngleHrz:0,currCaliAnglePit:0,selfCaliAngleHrz:0,selfCaliAnglePit:0,servCaliAngleHrz:0,servCaliAnglePit:0,offlineCaliAngleHrz:0,offlineCaliAnglePit:0,determine2useFlag:0,IMU_Z_Accel:0,IMU_X_AngularRate:0,IMU_Y_AngularRate:0,IMU_RollAngle:0,IMU_PitchAngle:0,IMU_YawAngle:0,FcwID:0,FCWWarningLevel:0,FCWTTC:0
16,16.56,0,17.84,0,0,0,0,0,-5.0745,15.7625,-0.125,0,-17.7,0,0,0,0,0.0572958,0,0,0,0,96,0,0,0,0,0,0,58,0,0.00034,0.00034,0,0,0,0,0,0.8,0,0,0,0,0,0,1,0,0,0,0,0,0,0,0,30,0,,0,0,0,0,
20,6.92,0,-22.3,0,0,0,0,0,2.6255,6.4,0,0,4.9,0,0,0,0,0.0572958,0,0,0,0,87,0,0,0,0,0,0,58,0,0.00034,0.00034,0,0,0,0,0,1.2,0,0,0,0,0,0,1,0,0,0,0,0,0,0,0,99,0,,0,0,0,0,
21,9.22,0,-24.09,0,0,0,0,0,3.763,8.4125,-0.125,0,5.5,0,0,0,0,0.0572958,0,0,0,0,65,0,0,0,0,0,0,58,0,0.00034,0.00034,0,0,0,0,0,1.6,0,0,0,0,0,0,1,0,0,0,0,0,0,0,0,99,0,,0,0,0,0,
23,6.05,0,-1.66,0,0,0,0,0,0.1755,6.05,-0.125,0,-6.3,0,0,0,0,0.0572958,0,0,0,0,98,0,0,0,0,0,0,58,0,0.00034,0.00034,0,0,0,0,0,1.8,0,0,0,0,0,0,1,0,0,0,0,0,0,0,0,98,0,,0,0,0,0,
24,10.52,-0.08,-50.68,0,0,0,0,0,8.138,6.6625,0,-0.125,22.3,0,0,0,0,0.0572958,0,0,0,0,65,0,0,0,0,0,0,58,0,0.00034,0.00034,0,0,0,0,0,0.8,0,0,0,0,0,0,1,0,0,0,0,0,0,0,0,99,0,,0,0,0,0,
76,6.32,0,13.61,0,0,0,0,0,-1.487,6.1375,0,0,5.7,0,0,0,0,0.0572958,0,0,0,0,98,0,0,0,0,0,0,58,0,0.00034,0.00034,0,0,0,0,0,6.2,0,0,0,0,0,0,1,0,0,0,0,0,0,0,0,98,0,,0,0,0,0,
115,11.42,-0.12,11.04,0,0,0,0,0,-2.187,11.2125,0,-0.125,-16.1,0,0,0,0,0.0572958,0,0,0,0,65,0,0,0,0,0,0,58,0,0.00034,0.00034,0,0,0,0,0,1,0,0,0,0,0,0,1,0,0,0,0,0,0,0,0,99,0,,0,0,0,0,
END,Total:7
START,FrameNb:170,CameraNb:0,HeSaiNb:0,ARS410Nb:0
2026/08/02 16:23:57:838---->
heightOffset:0,1785659037838,1327522,selfCaliBufCnt:0,selfAccObjCnt:0,selfAccAngle:0,installHAngleOffset:0,Interpolation:0,installVAngleOffset:0,radarOffsetH:0,radarOffsetV:0.32,Polynom:-0.001023;-0.0511;-2.047;0;0;0;-0.001023;-0.0511;-2.047;-25.5;0;0,WheelDirection:0;0;0;0,selfAngleOffset:0,selfAngleOffsetPit:0,currCaliAngleHrz:0,currCaliAnglePit:0,selfCaliAngleHrz:0,selfCaliAnglePit:0,servCaliAngleHrz:0,servCaliAnglePit:0,offlineCaliAngleHrz:0,offlineCaliAnglePit:0,determine2useFlag:0,IMU_Z_Accel:0,IMU_X_AngularRate:0,IMU_Y_AngularRate:0,IMU_RollAngle:0,IMU_PitchAngle:0,IMU_YawAngle:0,FcwID:0,FCWWarningLevel:0,FCWTTC:0
16,16.56,0,17.84,0,0,0,0,0,-5.0745,15.7625,-0.125,0,-17.7,0,0,0,0,0.0572958,0,0,0,0,96,0,0,0,0,0,0,54,0,0.00034,0.00034,0,0,0,0,0,0.8,0,0,0,0,0,0,1,0,0,0,0,0,0,0,0,30,0,,0,0,0,0,
20,6.92,0,-22.3,0,0,0,0,0,2.6255,6.4,0,0,4.9,0,0,0,0,0.0572958,0,0,0,0,85,0,0,0,0,0,0,54,0,0.00034,0.00034,0,0,0,0,0,1.4,0,0,0,0,0,0,1,0,0,0,0,0,0,0,0,99,0,,0,0,0,0,
21,9.22,0,-24.09,0,0,0,0,0,3.763,8.4125,-0.125,0,5.3,0,0,0,0,0.0572958,0,0,0,0,65,0,0,0,0,0,0,54,0,0.00034,0.00034,0,0,0,0,0,2,0,0,0,0,0,0,1,0,0,0,0,0,0,0,0,99,0,,0,0,0,0,
23,6.05,0,-1.66,0,0,0,0,0,0.1755,6.05,-0.125,0,-6.3,0,0,0,0,0.0572958,0,0,0,0,98,0,0,0,0,0,0,54,0,0.00034,0.00034,0,0,0,0,0,1.8,0,0,0,0,0,0,1,0,0,0,0,0,0,0,0,98,0,,0,0,0,0,
24,10.52,-0.08,-50.68,0,0,0,0,0,8.138,6.6625,0,-0.125,22.3,0,0,0,0,0.0572958,0,0,0,0,65,0,0,0,0,0,0,54,0,0.00034,0.00034,0,0,0,0,0,0.8,0,0,0,0,0,0,1,0,0,0,0,0,0,0,0,99,0,,0,0,0,0,
76,6.32,0,13.61,0,0,0,0,0,-1.487,6.1375,0,0,5.7,0,0,0,0,0.0572958,0,0,0,0,98,0,0,0,0,0,0,54,0,0.00034,0.00034,0,0,0,0,0,6.2,0,0,0,0,0,0,1,0,0,0,0,0,0,0,0,98,0,,0,0,0,0,
115,11.42,-0.12,11.04,0,0,0,0,0,-2.187,11.2125,0,-0.125,-16.1,0,0,0,0,0.0572958,0,0,0,0,65,0,0,0,0,0,0,54,0,0.00034,0.00034,0,0,0,0,0,1,0,0,0,0,0,0,1,0,0,0,0,0,0,0,0,99,0,,0,0,0,0,
END,Total:7
START,FrameNb:171,CameraNb:0,HeSaiNb:0,ARS410Nb:0
2026/08/02 16:23:57:891---->
heightOffset:0,1785659037891,1327572,selfCaliBufCnt:0,selfAccObjCnt:0,selfAccAngle:0,installHAngleOffset:0,Interpolation:0,installVAngleOffset:0,radarOffsetH:0,radarOffsetV:0.32,Polynom:-0.001023;-0.0511;-2.047;0;0;0;-0.001023;-0.0511;-2.047;-25.5;0;0,WheelDirection:0;0;0;0,selfAngleOffset:0,selfAngleOffsetPit:0,currCaliAngleHrz:0,currCaliAnglePit:0,selfCaliAngleHrz:0,selfCaliAnglePit:0,servCaliAngleHrz:0,servCaliAnglePit:0,offlineCaliAngleHrz:0,offlineCaliAnglePit:0,determine2useFlag:0,IMU_Z_Accel:0,IMU_X_AngularRate:0,IMU_Y_AngularRate:0,IMU_RollAngle:0,IMU_PitchAngle:0,IMU_YawAngle:0,FcwID:0,FCWWarningLevel:0,FCWTTC:0
16,16.56,0,17.84,0,0,0,0,0,-5.0745,15.7625,-0.125,0,-17.7,0,0,0,0,0.0572958,0,0,0,0,96,0,0,0,0,0,0,58,0,0.00034,0.00034,0,0,0,0,0,0.8,0,0,0,0,0,0,1,0,0,0,0,0,0,0,0,30,0,,0,0,0,0,
20,6.92,0,-22.3,0,0,0,0,0,2.6255,6.4,0,0,4.9,0,0,0,0,0.0572958,0,0,0,0,85,0,0,0,0,0,0,58,0,0.00034,0.00034,0,0,0,0,0,1.2,0,0,0,0,0,0,1,0,0,0,0,0,0,0,0,99,0,,0,0,0,0,
21,9.22,0,-24.09,0,0,0,0,0,3.763,8.4125,-0.125,0,5.3,0,0,0,0,0.0572958,0,0,0,0,65,0,0,0,0,0,0,58,0,0.00034,0.00034,0,0,0,0,0,1.8,0,0,0,0,0,0,1,0,0,0,0,0,0,0,0,99,0,,0,0,0,0,
23,6.05,0,-1.66,0,0,0,0,0,0.1755,6.05,-0.125,0,-6.3,0,0,0,0,0.0572958,0,0,0,0,98,0,0,0,0,0,0,58,0,0.00034,0.00034,0,0,0,0,0,1.8,0,0,0,0,0,0,1,0,0,0,0,0,0,0,0,98,0,,0,0,0,0,
24,10.52,-0.08,-50.68,0,0,0,0,0,8.138,6.6625,0,-0.125,22.3,0,0,0,0,0.0572958,0,0,0,0,65,0,0,0,0,0,0,58,0,0.00034,0.00034,0,0,0,0,0,0.8,0,0,0,0,0,0,1,0,0,0,0,0,0,0,0,99,0,,0,0,0,0,
76,6.32,0,13.61,0,0,0,0,0,-1.487,6.1375,-0.125,0,5.7,0,0,0,0,0.0572958,0,0,0,0,98,0,0,0,0,0,0,58,0,0.00034,0.00034,0,0,0,0,0,6.2,0,0,0,0,0,0,1,0,0,0,0,0,0,0,0,98,0,,0,0,0,0,
115,11.42,-0.12,11.04,0,0,0,0,0,-2.187,11.2125,0,-0.125,-16.1,0,0,0,0,0.0572958,0,0,0,0,65,0,0,0,0,0,0,58,0,0.00034,0.00034,0,0,0,0,0,1,0,0,0,0,0,0,1,0,0,0,0,0,0,0,0,99,0,,0,0,0,0,
END,Total:7
START,FrameNb:172,CameraNb:0,HeSaiNb:0,ARS410Nb:0
2026/08/02 16:23:57:933---->
heightOffset:0,1785659037933,1327621,selfCaliBufCnt:0,selfAccObjCnt:0,selfAccAngle:0,installHAngleOffset:0,Interpolation:0,installVAngleOffset:0,radarOffsetH:0,radarOffsetV:0.32,Polynom:-0.001023;-0.0511;-2.047;0;0;0;-0.001023;-0.0511;-2.047;-25.5;0;0,WheelDirection:0;0;0;0,selfAngleOffset:0,selfAngleOffsetPit:0,currCaliAngleHrz:0,currCaliAnglePit:0,selfCaliAngleHrz:0,selfCaliAnglePit:0,servCaliAngleHrz:0,servCaliAnglePit:0,offlineCaliAngleHrz:0,offlineCaliAnglePit:0,determine2useFlag:0,IMU_Z_Accel:0,IMU_X_AngularRate:0,IMU_Y_AngularRate:0,IMU_RollAngle:0,IMU_PitchAngle:0,IMU_YawAngle:0,FcwID:0,FCWWarningLevel:0,FCWTTC:0
16,16.56,0,17.84,0,0,0,0,0,-5.0745,15.7625,-0.125,0,-17.7,0,0,0,0,0.0572958,0,0,0,0,96,0,0,0,0,0,0,53,0,0.00034,0.00034,0,0,0,0,0,0.8,0,0,0,0,0,0,1,0,0,0,0,0,0,0,0,30,0,,0,0,0,0,
20,6.92,0,-22.3,0,0,0,0,0,2.6255,6.4,0,0,4.9,0,0,0,0,0.0572958,0,0,0,0,85,0,0,0,0,0,0,53,0,0.00034,0.00034,0,0,0,0,0,1.2,0,0,0,0,0,0,1,0,0,0,0,0,0,0,0,99,0,,0,0,0,0,
21,9.22,0,-24.09,0,0,0,0,0,3.763,8.4125,-0.125,0,5.3,0,0,0,0,0.0572958,0,0,0,0,65,0,0,0,0,0,0,53,0,0.00034,0.00034,0,0,0,0,0,1.6,0,0,0,0,0,0,1,0,0,0,0,0,0,0,0,99,0,,0,0,0,0,
23,6.05,0,-1.66,0,0,0,0,0,0.1755,6.05,-0.125,0,-6.3,0,0,0,0,0.0572958,0,0,0,0,98,0,0,0,0,0,0,53,0,0.00034,0.00034,0,0,0,0,0,2,0,0,0,0,0,0,1,0,0,0,0,0,0,0,0,98,0,,0,0,0,0,
24,10.52,-0.08,-50.68,0,0,0,0,0,8.138,6.6625,0,-0.125,22.3,0,0,0,0,0.0572958,0,0,0,0,65,0,0,0,0,0,0,53,0,0.00034,0.00034,0,0,0,0,0,0.8,0,0,0,0,0,0,1,0,0,0,0,0,0,0,0,99,0,,0,0,0,0,
76,6.32,0,13.61,0,0,0,0,0,-1.487,6.1375,0,0,5.7,0,0,0,0,0.0572958,0,0,0,0,98,0,0,0,0,0,0,53,0,0.00034,0.00034,0,0,0,0,0,6.2,0,0,0,0,0,0,1,0,0,0,0,0,0,0,0,98,0,,0,0,0,0,
115,11.42,-0.12,11.04,0,0,0,0,0,-2.187,11.2125,0,-0.125,-16.1,0,0,0,0,0.0572958,0,0,0,0,65,0,0,0,0,0,0,53,0,0.00034,0.00034,0,0,0,0,0,1,0,0,0,0,0,0,1,0,0,0,0,0,0,0,0,99,0,,0,0,0,0,
END,Total:7
START,FrameNb:173,CameraNb:0,HeSaiNb:0,ARS410Nb:0
2026/08/02 16:23:57:998---->
heightOffset:0,1785659037998,1327671,selfCaliBufCnt:0,selfAccObjCnt:0,selfAccAngle:0,installHAngleOffset:0,Interpolation:0,installVAngleOffset:0,radarOffsetH:0,radarOffsetV:0.32,Polynom:-0.001023;-0.0511;-2.047;0;0;0;-0.001023;-0.0511;-2.047;-25.5;0;0,WheelDirection:0;0;0;0,selfAngleOffset:0,selfAngleOffsetPit:0,currCaliAngleHrz:0,currCaliAnglePit:0,selfCaliAngleHrz:0,selfCaliAnglePit:0,servCaliAngleHrz:0,servCaliAnglePit:0,offlineCaliAngleHrz:0,offlineCaliAnglePit:0,determine2useFlag:0,IMU_Z_Accel:0,IMU_X_AngularRate:0,IMU_Y_AngularRate:0,IMU_RollAngle:0,IMU_PitchAngle:0,IMU_YawAngle:0,FcwID:0,FCWWarningLevel:0,FCWTTC:0
16,16.56,0,17.84,0,0,0,0,0,-5.0745,15.7625,-0.125,0,-17.7,0,0,0,0,0.0572958,0,0,0,0,96,0,0,0,0,0,0,62,0,0.00034,0.00034,0,0,0,0,0,0.8,0,0,0,0,0,0,1,0,0,0,0,0,0,0,0,30,0,,0,0,0,0,
20,6.92,0,-22.3,0,0,0,0,0,2.6255,6.4,0,0,4.9,0,0,0,0,0.0572958,0,0,0,0,85,0,0,0,0,0,0,62,0,0.00034,0.00034,0,0,0,0,0,1,0,0,0,0,0,0,1,0,0,0,0,0,0,0,0,99,0,,0,0,0,0,
21,9.22,0,-24.09,0,0,0,0,0,3.763,8.4125,-0.125,0,5.3,0,0,0,0,0.0572958,0,0,0,0,65,0,0,0,0,0,0,62,0,0.00034,0.00034,0,0,0,0,0,1.4,0,0,0,0,0,0,1,0,0,0,0,0,0,0,0,99,0,,0,0,0,0,
23,6.05,0,-1.66,0,0,0,0,0,0.1755,6.05,-0.125,0,-6.3,0,0,0,0,0.0572958,0,0,0,0,98,0,0,0,0,0,0,62,0,0.00034,0.00034,0,0,0,0,0,2,0,0,0,0,0,0,1,0,0,0,0,0,0,0,0,98,0,,0,0,0,0,
24,10.52,-0.08,-50.68,0,0,0,0,0,8.138,6.6625,0,-0.125,22.3,0,0,0,0,0.0572958,0,0,0,0,65,0,0,0,0,0,0,62,0,0.00034,0.00034,0,0,0,0,0,0.8,0,0,0,0,0,0,1,0,0,0,0,0,0,0,0,99,0,,0,0,0,0,
76,6.32,0,13.61,0,0,0,0,0,-1.487,6.1375,-0.125,0,5.7,0,0,0,0,0.0572958,0,0,0,0,98,0,0,0,0,0,0,62,0,0.00034,0.00034,0,0,0,0,0,6.2,0,0,0,0,0,0,1,0,0,0,0,0,0,0,0,98,0,,0,0,0,0,
115,11.42,-0.12,11.04,0,0,0,0,0,-2.187,11.2125,0,-0.125,-16.1,0,0,0,0,0.0572958,0,0,0,0,65,0,0,0,0,0,0,62,0,0.00034,0.00034,0,0,0,0,0,1,0,0,0,0,0,0,1,0,0,0,0,0,0,0,0,99,0,,0,0,0,0,
END,Total:7
START,FrameNb:174,CameraNb:0,HeSaiNb:0,ARS410Nb:0
2026/08/02 16:23:58:025---->
heightOffset:0,1785659038025,1327721,selfCaliBufCnt:0,selfAccObjCnt:0,selfAccAngle:0,installHAngleOffset:0,Interpolation:0,installVAngleOffset:0,radarOffsetH:0,radarOffsetV:0.32,Polynom:-0.001023;-0.0511;-2.047;0;0;0;-0.001023;-0.0511;-2.047;-25.5;0;0,WheelDirection:0;0;0;0,selfAngleOffset:0,selfAngleOffsetPit:0,currCaliAngleHrz:0,currCaliAnglePit:0,selfCaliAngleHrz:0,selfCaliAnglePit:0,servCaliAngleHrz:0,servCaliAnglePit:0,offlineCaliAngleHrz:0,offlineCaliAnglePit:0,determine2useFlag:0,IMU_Z_Accel:0,IMU_X_AngularRate:0,IMU_Y_AngularRate:0,IMU_RollAngle:0,IMU_PitchAngle:0,IMU_YawAngle:0,FcwID:0,FCWWarningLevel:0,FCWTTC:0
16,16.56,0,17.84,0,0,0,0,0,-5.0745,15.7625,-0.125,0,-17.7,0,0,0,0,0.0572958,0,0,0,0,96,0,0,0,0,0,0,60,0,0.00034,0.00034,0,0,0,0,0,0.8,0,0,0,0,0,0,1,0,0,0,0,0,0,0,0,30,0,,0,0,0,0,
20,6.92,0,-22.3,0,0,0,0,0,2.6255,6.4,0,0,4.9,0,0,0,0,0.0572958,0,0,0,0,86,0,0,0,0,0,0,60,0,0.00034,0.00034,0,0,0,0,0,1,0,0,0,0,0,0,1,0,0,0,0,0,0,0,0,99,0,,0,0,0,0,
21,9.22,0,-24.09,0,0,0,0,0,3.763,8.4125,-0.125,0,5.3,0,0,0,0,0.0572958,0,0,0,0,65,0,0,0,0,0,0,60,0,0.00034,0.00034,0,0,0,0,0,1.2,0,0,0,0,0,0,1,0,0,0,0,0,0,0,0,99,0,,0,0,0,0,
23,6.05,0,-1.66,0,0,0,0,0,0.1755,6.05,-0.125,0,-6.3,0,0,0,0,0.0572958,0,0,0,0,98,0,0,0,0,0,0,60,0,0.00034,0.00034,0,0,0,0,0,2,0,0,0,0,0,0,1,0,0,0,0,0,0,0,0,98,0,,0,0,0,0,
24,10.52,-0.08,-50.68,0,0,0,0,0,8.138,6.6625,0,-0.125,22.3,0,0,0,0,0.0572958,0,0,0,0,65,0,0,0,0,0,0,60,0,0.00034,0.00034,0,0,0,0,0,0.8,0,0,0,0,0,0,1,0,0,0,0,0,0,0,0,99,0,,0,0,0,0,
76,6.32,0,13.61,0,0,0,0,0,-1.487,6.1375,0,0,5.7,0,0,0,0,0.0572958,0,0,0,0,98,0,0,0,0,0,0,60,0,0.00034,0.00034,0,0,0,0,0,6.2,0,0,0,0,0,0,1,0,0,0,0,0,0,0,0,98,0,,0,0,0,0,
115,11.42,0,11.04,0,0,0,0,0,-2.187,11.2125,0,0,-16.1,0,0,0,0,0.0572958,0,0,0,0,65,0,0,0,0,0,0,60,0,0.00034,0.00034,0,0,0,0,0,1,0,0,0,0,0,0,1,0,0,0,0,0,0,0,0,99,0,,0,0,0,0,
END,Total:7
START,FrameNb:175,CameraNb:0,HeSaiNb:0,ARS410Nb:0
2026/08/02 16:23:58:086---->
heightOffset:0,1785659038086,1327771,selfCaliBufCnt:0,selfAccObjCnt:0,selfAccAngle:0,installHAngleOffset:0,Interpolation:0,installVAngleOffset:0,radarOffsetH:0,radarOffsetV:0.32,Polynom:-0.001023;-0.0511;-2.047;0;0;0;-0.001023;-0.0511;-2.047;-25.5;0;0,WheelDirection:0;0;0;0,selfAngleOffset:0,selfAngleOffsetPit:0,currCaliAngleHrz:0,currCaliAnglePit:0,selfCaliAngleHrz:0,selfCaliAnglePit:0,servCaliAngleHrz:0,servCaliAnglePit:0,offlineCaliAngleHrz:0,offlineCaliAnglePit:0,determine2useFlag:0,IMU_Z_Accel:0,IMU_X_AngularRate:0,IMU_Y_AngularRate:0,IMU_RollAngle:0,IMU_PitchAngle:0,IMU_YawAngle:0,FcwID:0,FCWWarningLevel:0,FCWTTC:0
16,16.56,0,17.84,0,0,0,0,0,-5.0745,15.7625,-0.125,0,-17.7,0,0,0,0,0.0572958,0,0,0,0,96,0,0,0,0,0,0,58,0,0.00034,0.00034,0,0,0,0,0,0.8,0,0,0,0,0,0,1,0,0,0,0,0,0,0,0,30,0,,0,0,0,0,
20,6.92,0,-22.3,0,0,0,0,0,2.6255,6.4,0,0,4.9,0,0,0,0,0.0572958,0,0,0,0,86,0,0,0,0,0,0,58,0,0.00034,0.00034,0,0,0,0,0,1,0,0,0,0,0,0,1,0,0,0,0,0,0,0,0,99,0,,0,0,0,0,
21,9.22,0,-24.09,0,0,0,0,0,3.763,8.4125,-0.125,0,5.3,0,0,0,0,0.0572958,0,0,0,0,65,0,0,0,0,0,0,58,0,0.00034,0.00034,0,0,0,0,0,1.2,0,0,0,0,0,0,1,0,0,0,0,0,0,0,0,99,0,,0,0,0,0,
23,6.05,0,-1.66,0,0,0,0,0,0.1755,6.05,-0.125,0,-6.3,0,0,0,0,0.0572958,0,0,0,0,98,0,0,0,0,0,0,58,0,0.00034,0.00034,0,0,0,0,0,2,0,0,0,0,0,0,1,0,0,0,0,0,0,0,0,98,0,,0,0,0,0,
24,10.52,-0.08,-50.68,0,0,0,0,0,8.138,6.6625,0,-0.125,22.3,0,0,0,0,0.0572958,0,0,0,0,65,0,0,0,0,0,0,58,0,0.00034,0.00034,0,0,0,0,0,0.8,0,0,0,0,0,0,1,0,0,0,0,0,0,0,0,99,0,,0,0,0,0,
76,6.32,0,13.61,0,0,0,0,0,-1.487,6.1375,0,0,5.7,0,0,0,0,0.0572958,0,0,0,0,98,0,0,0,0,0,0,58,0,0.00034,0.00034,0,0,0,0,0,6.2,0,0,0,0,0,0,1,0,0,0,0,0,0,0,0,98,0,,0,0,0,0,
115,11.42,0,11.04,0,0,0,0,0,-2.187,11.2125,0,0,-16.1,0,0,0,0,0.0572958,0,0,0,0,65,0,0,0,0,0,0,58,0,0.00034,0.00034,0,0,0,0,0,1,0,0,0,0,0,0,1,0,0,0,0,0,0,0,0,99,0,,0,0,0,0,
END,Total:7
START,FrameNb:176,CameraNb:0,HeSaiNb:0,ARS410Nb:0
2026/08/02 16:23:58:136---->
heightOffset:0,1785659038136,1327822,selfCaliBufCnt:0,selfAccObjCnt:0,selfAccAngle:0,installHAngleOffset:0,Interpolation:0,installVAngleOffset:0,radarOffsetH:0,radarOffsetV:0.32,Polynom:-0.001023;-0.0511;-2.047;0;0;0;-0.001023;-0.0511;-2.047;-25.5;0;0,WheelDirection:0;0;0;0,selfAngleOffset:0,selfAngleOffsetPit:0,currCaliAngleHrz:0,currCaliAnglePit:0,selfCaliAngleHrz:0,selfCaliAnglePit:0,servCaliAngleHrz:0,servCaliAnglePit:0,offlineCaliAngleHrz:0,offlineCaliAnglePit:0,determine2useFlag:0,IMU_Z_Accel:0,IMU_X_AngularRate:0,IMU_Y_AngularRate:0,IMU_RollAngle:0,IMU_PitchAngle:0,IMU_YawAngle:0,FcwID:0,FCWWarningLevel:0,FCWTTC:0
16,16.56,0,17.84,0,0,0,0,0,-5.0745,15.7625,-0.125,0,-17.7,0,0,0,0,0.0572958,0,0,0,0,96,0,0,0,0,0,0,58,0,0.00034,0.00034,0,0,0,0,0,0.8,0,0,0,0,0,0,1,0,0,0,0,0,0,0,0,30,0,,0,0,0,0,
20,6.92,0,-22.3,0,0,0,0,0,2.6255,6.4,0,0,4.9,0,0,0,0,0.0572958,0,0,0,0,86,0,0,0,0,0,0,58,0,0.00034,0.00034,0,0,0,0,0,1,0,0,0,0,0,0,1,0,0,0,0,0,0,0,0,99,0,,0,0,0,0,
21,9.22,0,-24.09,0,0,0,0,0,3.763,8.4125,-0.125,0,5.3,0,0,0,0,0.0572958,0,0,0,0,65,0,0,0,0,0,0,58,0,0.00034,0.00034,0,0,0,0,0,1.2,0,0,0,0,0,0,1,0,0,0,0,0,0,0,0,99,0,,0,0,0,0,
23,6.05,0,-1.66,0,0,0,0,0,0.1755,6.05,-0.125,0,-6.3,0,0,0,0,0.0572958,0,0,0,0,98,0,0,0,0,0,0,58,0,0.00034,0.00034,0,0,0,0,0,1.6,0,0,0,0,0,0,1,0,0,0,0,0,0,0,0,98,0,,0,0,0,0,
24,10.52,-0.08,-50.68,0,0,0,0,0,8.138,6.6625,0,-0.125,22.3,0,0,0,0,0.0572958,0,0,0,0,65,0,0,0,0,0,0,58,0,0.00034,0.00034,0,0,0,0,0,0.8,0,0,0,0,0,0,1,0,0,0,0,0,0,0,0,99,0,,0,0,0,0,
76,6.32,0,13.61,0,0,0,0,0,-1.487,6.1375,-0.125,0,5.7,0,0,0,0,0.0572958,0,0,0,0,98,0,0,0,0,0,0,58,0,0.00034,0.00034,0,0,0,0,0,6.2,0,0,0,0,0,0,1,0,0,0,0,0,0,0,0,98,0,,0,0,0,0,
115,11.42,0,11.04,0,0,0,0,0,-2.187,11.2125,0,0,-16.3,0,0,0,0,0.0572958,0,0,0,0,65,0,0,0,0,0,0,58,0,0.00034,0.00034,0,0,0,0,0,1,0,0,0,0,0,0,1,0,0,0,0,0,0,0,0,99,0,,0,0,0,0,
END,Total:7
START,FrameNb:177,CameraNb:0,HeSaiNb:0,ARS410Nb:0
2026/08/02 16:23:58:180---->
heightOffset:0,1785659038180,1327871,selfCaliBufCnt:0,selfAccObjCnt:0,selfAccAngle:0,installHAngleOffset:0,Interpolation:0,installVAngleOffset:0,radarOffsetH:0,radarOffsetV:0.32,Polynom:-0.001023;-0.0511;-2.047;0;0;0;-0.001023;-0.0511;-2.047;-25.5;0;0,WheelDirection:0;0;0;0,selfAngleOffset:0,selfAngleOffsetPit:0,currCaliAngleHrz:0,currCaliAnglePit:0,selfCaliAngleHrz:0,selfCaliAnglePit:0,servCaliAngleHrz:0,servCaliAnglePit:0,offlineCaliAngleHrz:0,offlineCaliAnglePit:0,determine2useFlag:0,IMU_Z_Accel:0,IMU_X_AngularRate:0,IMU_Y_AngularRate:0,IMU_RollAngle:0,IMU_PitchAngle:0,IMU_YawAngle:0,FcwID:0,FCWWarningLevel:0,FCWTTC:0
16,16.56,0,17.84,0,0,0,0,0,-5.0745,15.7625,-0.125,0,-17.7,0,0,0,0,0.0572958,0,0,0,0,96,0,0,0,0,0,0,54,0,0.00034,0.00034,0,0,0,0,0,0.8,0,0,0,0,0,0,1,0,0,0,0,0,0,0,0,30,0,,0,0,0,0,
20,6.92,0,-22.3,0,0,0,0,0,2.6255,6.4,0,0,4.9,0,0,0,0,0.0572958,0,0,0,0,87,0,0,0,0,0,0,54,0,0.00034,0.00034,0,0,0,0,0,1,0,0,0,0,0,0,1,0,0,0,0,0,0,0,0,99,0,,0,0,0,0,
21,9.22,0,-24.09,0,0,0,0,0,3.763,8.4125,-0.125,0,5.3,0,0,0,0,0.0572958,0,0,0,0,65,0,0,0,0,0,0,54,0,0.00034,0.00034,0,0,0,0,0,1,0,0,0,0,0,0,1,0,0,0,0,0,0,0,0,99,0,,0,0,0,0,
23,6.05,0,-1.66,0,0,0,0,0,0.1755,6.05,-0.125,0,-6.3,0,0,0,0,0.0572958,0,0,0,0,98,0,0,0,0,0,0,54,0,0.00034,0.00034,0,0,0,0,0,1.8,0,0,0,0,0,0,1,0,0,0,0,0,0,0,0,98,0,,0,0,0,0,
24,10.52,-0.08,-50.68,0,0,0,0,0,8.138,6.6625,0,-0.125,22.3,0,0,0,0,0.0572958,0,0,0,0,65,0,0,0,0,0,0,54,0,0.00034,0.00034,0,0,0,0,0,0.8,0,0,0,0,0,0,1,0,0,0,0,0,0,0,0,99,0,,0,0,0,0,
76,6.32,0,13.61,0,0,0,0,0,-1.487,6.1375,0,0,5.7,0,0,0,0,0.0572958,0,0,0,0,98,0,0,0,0,0,0,54,0,0.00034,0.00034,0,0,0,0,0,6.2,0,0,0,0,0,0,1,0,0,0,0,0,0,0,0,98,0,,0,0,0,0,
115,11.42,0,11.04,0,0,0,0,0,-2.187,11.2125,0,0,-16.3,0,0,0,0,0.0572958,0,0,0,0,65,0,0,0,0,0,0,54,0,0.00034,0.00034,0,0,0,0,0,0.8,0,0,0,0,0,0,1,0,0,0,0,0,0,0,0,99,0,,0,0,0,0,
END,Total:7
START,FrameNb:178,CameraNb:0,HeSaiNb:0,ARS410Nb:0
2026/08/02 16:23:58:246---->
heightOffset:0,1785659038246,1327923,selfCaliBufCnt:0,selfAccObjCnt:0,selfAccAngle:0,installHAngleOffset:0,Interpolation:0,installVAngleOffset:0,radarOffsetH:0,radarOffsetV:0.32,Polynom:-0.001023;-0.0511;-2.047;0;0;0;-0.001023;-0.0511;-2.047;-25.5;0;0,WheelDirection:0;0;0;0,selfAngleOffset:0,selfAngleOffsetPit:0,currCaliAngleHrz:0,currCaliAnglePit:0,selfCaliAngleHrz:0,selfCaliAnglePit:0,servCaliAngleHrz:0,servCaliAnglePit:0,offlineCaliAngleHrz:0,offlineCaliAnglePit:0,determine2useFlag:0,IMU_Z_Accel:0,IMU_X_AngularRate:0,IMU_Y_AngularRate:0,IMU_RollAngle:0,IMU_PitchAngle:0,IMU_YawAngle:0,FcwID:0,FCWWarningLevel:0,FCWTTC:0
16,16.56,0,17.84,0,0,0,0,0,-5.0745,15.7625,-0.125,0,-17.7,0,0,0,0,0.0572958,0,0,0,0,96,0,0,0,0,0,0,58,0,0.00034,0.00034,0,0,0,0,0,0.8,0,0,0,0,0,0,1,0,0,0,0,0,0,0,0,30,0,,0,0,0,0,
20,6.92,0,-22.3,0,0,0,0,0,2.6255,6.4,0,0,4.9,0,0,0,0,0.0572958,0,0,0,0,88,0,0,0,0,0,0,58,0,0.00034,0.00034,0,0,0,0,0,1,0,0,0,0,0,0,1,0,0,0,0,0,0,0,0,99,0,,0,0,0,0,
21,9.22,0,-24.09,0,0,0,0,0,3.763,8.4125,-0.125,0,5.1,0,0,0,0,0.0572958,0,0,0,0,65,0,0,0,0,0,0,58,0,0.00034,0.00034,0,0,0,0,0,1,0,0,0,0,0,0,1,0,0,0,0,0,0,0,0,99,0,,0,0,0,0,
23,6.05,0,-1.66,0,0,0,0,0,0.1755,6.05,-0.125,0,-6.3,0,0,0,0,0.0572958,0,0,0,0,98,0,0,0,0,0,0,58,0,0.00034,0.00034,0,0,0,0,0,1.8,0,0,0,0,0,0,1,0,0,0,0,0,0,0,0,98,0,,0,0,0,0,
24,10.52,-0.08,-50.68,0,0,0,0,0,8.138,6.6625,0,-0.125,22.3,0,0,0,0,0.0572958,0,0,0,0,65,0,0,0,0,0,0,58,0,0.00034,0.00034,0,0,0,0,0,0.8,0,0,0,0,0,0,1,0,0,0,0,0,0,0,0,99,0,,0,0,0,0,
76,6.32,0,13.61,0,0,0,0,0,-1.487,6.1375,-0.125,0,5.7,0,0,0,0,0.0572958,0,0,0,0,98,0,0,0,0,0,0,58,0,0.00034,0.00034,0,0,0,0,0,6.2,0,0,0,0,0,0,1,0,0,0,0,0,0,0,0,98,0,,0,0,0,0,
115,11.42,0,11.04,0,0,0,0,0,-2.187,11.2125,0,0,-16.3,0,0,0,0,0.0572958,0,0,0,0,65,0,0,0,0,0,0,58,0,0.00034,0.00034,0,0,0,0,0,0.8,0,0,0,0,0,0,1,0,0,0,0,0,0,0,0,99,0,,0,0,0,0,
END,Total:7
START,FrameNb:179,CameraNb:0,HeSaiNb:0,ARS410Nb:0
2026/08/02 16:23:58:275---->
heightOffset:0,1785659038275,1327971,selfCaliBufCnt:0,selfAccObjCnt:0,selfAccAngle:0,installHAngleOffset:0,Interpolation:0,installVAngleOffset:0,radarOffsetH:0,radarOffsetV:0.32,Polynom:-0.001023;-0.0511;-2.047;0;0;0;-0.001023;-0.0511;-2.047;-25.5;0;0,WheelDirection:0;0;0;0,selfAngleOffset:0,selfAngleOffsetPit:0,currCaliAngleHrz:0,currCaliAnglePit:0,selfCaliAngleHrz:0,selfCaliAnglePit:0,servCaliAngleHrz:0,servCaliAnglePit:0,offlineCaliAngleHrz:0,offlineCaliAnglePit:0,determine2useFlag:0,IMU_Z_Accel:0,IMU_X_AngularRate:0,IMU_Y_AngularRate:0,IMU_RollAngle:0,IMU_PitchAngle:0,IMU_YawAngle:0,FcwID:0,FCWWarningLevel:0,FCWTTC:0
16,16.56,0,17.84,0,0,0,0,0,-5.0745,15.7625,-0.125,0,-17.7,0,0,0,0,0.0572958,0,0,0,0,96,0,0,0,0,0,0,54,0,0.00034,0.00034,0,0,0,0,0,0.8,0,0,0,0,0,0,1,0,0,0,0,0,0,0,0,30,0,,0,0,0,0,
20,6.92,0,-22.3,0,0,0,0,0,2.6255,6.4,0,0,4.9,0,0,0,0,0.0572958,0,0,0,0,88,0,0,0,0,0,0,54,0,0.00034,0.00034,0,0,0,0,0,1,0,0,0,0,0,0,1,0,0,0,0,0,0,0,0,99,0,,0,0,0,0,
21,9.22,0,-24.09,0,0,0,0,0,3.763,8.4125,-0.125,0,5.1,0,0,0,0,0.0572958,0,0,0,0,96,0,0,0,0,0,0,54,0,0.00034,0.00034,0,0,0,0,0,1,0,0,0,0,0,0,1,0,0,0,0,0,0,0,0,99,0,,0,0,0,0,
23,6.05,0,-1.66,0,0,0,0,0,0.1755,6.05,0,0,-6.3,0,0,0,0,0.0572958,0,0,0,0,98,0,0,0,0,0,0,54,0,0.00034,0.00034,0,0,0,0,0,1.8,0,0,0,0,0,0,1,0,0,0,0,0,0,0,0,98,0,,0,0,0,0,
24,10.52,-0.08,-50.68,0,0,0,0,0,8.138,6.6625,0,-0.125,22.3,0,0,0,0,0.0572958,0,0,0,0,65,0,0,0,0,0,0,54,0,0.00034,0.00034,0,0,0,0,0,0.8,0,0,0,0,0,0,1,0,0,0,0,0,0,0,0,99,0,,0,0,0,0,
76,6.32,0,13.61,0,0,0,0,0,-1.487,6.1375,0,0,5.7,0,0,0,0,0.0572958,0,0,0,0,98,0,0,0,0,0,0,54,0,0.00034,0.00034,0,0,0,0,0,6.2,0,0,0,0,0,0,1,0,0,0,0,0,0,0,0,98,0,,0,0,0,0,
115,11.42,0,11.04,0,0,0,0,0,-2.187,11.2125,0,0,-16.3,0,0,0,0,0.0572958,0,0,0,0,65,0,0,0,0,0,0,54,0,0.00034,0.00034,0,0,0,0,0,0.8,0,0,0,0,0,0,1,0,0,0,0,0,0,0,0,99,0,,0,0,0,0,
END,Total:7
START,FrameNb:180,CameraNb:0,HeSaiNb:0,ARS410Nb:0
2026/08/02 16:23:58:337---->
heightOffset:0,1785659038337,1328021,selfCaliBufCnt:0,selfAccObjCnt:0,selfAccAngle:0,installHAngleOffset:0,Interpolation:0,installVAngleOffset:0,radarOffsetH:0,radarOffsetV:0.32,Polynom:-0.001023;-0.0511;-2.047;0;0;0;-0.001023;-0.0511;-2.047;-25.5;0;0,WheelDirection:0;0;0;0,selfAngleOffset:0,selfAngleOffsetPit:0,currCaliAngleHrz:0,currCaliAnglePit:0,selfCaliAngleHrz:0,selfCaliAnglePit:0,servCaliAngleHrz:0,servCaliAnglePit:0,offlineCaliAngleHrz:0,offlineCaliAnglePit:0,determine2useFlag:0,IMU_Z_Accel:0,IMU_X_AngularRate:0,IMU_Y_AngularRate:0,IMU_RollAngle:0,IMU_PitchAngle:0,IMU_YawAngle:0,FcwID:0,FCWWarningLevel:0,FCWTTC:0
16,16.56,0,17.84,0,0,0,0,0,-5.0745,15.7625,-0.125,0,-17.7,0,0,0,0,0.0572958,0,0,0,0,96,0,0,0,0,0,0,61,0,0.00034,0.00034,0,0,0,0,0,0.8,0,0,0,0,0,0,1,0,0,0,0,0,0,0,0,30,0,,0,0,0,0,
20,6.92,0,-22.3,0,0,0,0,0,2.6255,6.4,0,0,4.9,0,0,0,0,0.0572958,0,0,0,0,89,0,0,0,0,0,0,61,0,0.00034,0.00034,0,0,0,0,0,1,0,0,0,0,0,0,1,0,0,0,0,0,0,0,0,99,0,,0,0,0,0,
21,9.22,0,-24.09,0,0,0,0,0,3.763,8.4125,-0.125,0,5.1,0,0,0,0,0.0572958,0,0,0,0,96,0,0,0,0,0,0,61,0,0.00034,0.00034,0,0,0,0,0,1,0,0,0,0,0,0,1,0,0,0,0,0,0,0,0,99,0,,0,0,0,0,
23,6.05,0,-1.66,0,0,0,0,0,0.1755,6.05,0,0,-6.3,0,0,0,0,0.0572958,0,0,0,0,98,0,0,0,0,0,0,61,0,0.00034,0.00034,0,0,0,0,0,1.8,0,0,0,0,0,0,1,0,0,0,0,0,0,0,0,98,0,,0,0,0,0,
24,10.52,-0.08,-50.68,0,0,0,0,0,8.138,6.6625,0,-0.125,22.3,0,0,0,0,0.0572958,0,0,0,0,65,0,0,0,0,0,0,61,0,0.00034,0.00034,0,0,0,0,0,0.8,0,0,0,0,0,0,1,0,0,0,0,0,0,0,0,99,0,,0,0,0,0,
76,6.32,0,13.61,0,0,0,0,0,-1.487,6.1375,-0.125,0,5.7,0,0,0,0,0.0572958,0,0,0,0,98,0,0,0,0,0,0,61,0,0.00034,0.00034,0,0,0,0,0,6.2,0,0,0,0,0,0,1,0,0,0,0,0,0,0,0,98,0,,0,0,0,0,
115,11.42,0,11.04,0,0,0,0,0,-2.187,11.2125,0,0,-16.3,0,0,0,0,0.0572958,0,0,0,0,65,0,0,0,0,0,0,61,0,0.00034,0.00034,0,0,0,0,0,0.8,0,0,0,0,0,0,1,0,0,0,0,0,0,0,0,99,0,,0,0,0,0,
END,Total:7
START,FrameNb:181,CameraNb:0,HeSaiNb:0,ARS410Nb:0
2026/08/02 16:23:58:390---->
heightOffset:0,1785659038390,1328071,selfCaliBufCnt:0,selfAccObjCnt:0,selfAccAngle:0,installHAngleOffset:0,Interpolation:0,installVAngleOffset:0,radarOffsetH:0,radarOffsetV:0.32,Polynom:-0.001023;-0.0511;-2.047;0;0;0;-0.001023;-0.0511;-2.047;-25.5;0;0,WheelDirection:0;0;0;0,selfAngleOffset:0,selfAngleOffsetPit:0,currCaliAngleHrz:0,currCaliAnglePit:0,selfCaliAngleHrz:0,selfCaliAnglePit:0,servCaliAngleHrz:0,servCaliAnglePit:0,offlineCaliAngleHrz:0,offlineCaliAnglePit:0,determine2useFlag:0,IMU_Z_Accel:0,IMU_X_AngularRate:0,IMU_Y_AngularRate:0,IMU_RollAngle:0,IMU_PitchAngle:0,IMU_YawAngle:0,FcwID:0,FCWWarningLevel:0,FCWTTC:0
16,16.56,0,17.84,0,0,0,0,0,-5.0745,15.7625,-0.125,0,-17.7,0,0,0,0,0.0572958,0,0,0,0,96,0,0,0,0,0,0,60,0,0.00034,0.00034,0,0,0,0,0,0.8,0,0,0,0,0,0,1,0,0,0,0,0,0,0,0,30,0,,0,0,0,0,
20,6.92,0,-22.3,0,0,0,0,0,2.6255,6.4,0,0,4.9,0,0,0,0,0.0572958,0,0,0,0,90,0,0,0,0,0,0,60,0,0.00034,0.00034,0,0,0,0,0,1,0,0,0,0,0,0,1,0,0,0,0,0,0,0,0,99,0,,0,0,0,0,
21,9.22,0,-24.09,0,0,0,0,0,3.763,8.4125,-0.125,0,5.1,0,0,0,0,0.0572958,0,0,0,0,96,0,0,0,0,0,0,60,0,0.00034,0.00034,0,0,0,0,0,1,0,0,0,0,0,0,1,0,0,0,0,0,0,0,0,99,0,,0,0,0,0,
23,6.05,0,-1.66,0,0,0,0,0,0.1755,6.05,0,0,-6.3,0,0,0,0,0.0572958,0,0,0,0,98,0,0,0,0,0,0,60,0,0.00034,0.00034,0,0,0,0,0,1.8,0,0,0,0,0,0,1,0,0,0,0,0,0,0,0,98,0,,0,0,0,0,
76,6.32,0,13.61,0,0,0,0,0,-1.487,6.1375,0,0,5.7,0,0,0,0,0.0572958,0,0,0,0,98,0,0,0,0,0,0,60,0,0.00034,0.00034,0,0,0,0,0,6.2,0,0,0,0,0,0,1,0,0,0,0,0,0,0,0,98,0,,0,0,0,0,
115,11.42,0,11.04,0,0,0,0,0,-2.187,11.2125,0,0,-16.3,0,0,0,0,0.0572958,0,0,0,0,65,0,0,0,0,0,0,60,0,0.00034,0.00034,0,0,0,0,0,0.8,0,0,0,0,0,0,1,0,0,0,0,0,0,0,0,99,0,,0,0,0,0,
END,Total:6
START,FrameNb:182,CameraNb:0,HeSaiNb:0,ARS410Nb:0
2026/08/02 16:23:58:439---->
heightOffset:0,1785659038439,1328121,selfCaliBufCnt:0,selfAccObjCnt:0,selfAccAngle:0,installHAngleOffset:0,Interpolation:0,installVAngleOffset:0,radarOffsetH:0,radarOffsetV:0.32,Polynom:-0.001023;-0.0511;-2.047;0;0;0;-0.001023;-0.0511;-2.047;-25.5;0;0,WheelDirection:0;0;0;0,selfAngleOffset:0,selfAngleOffsetPit:0,currCaliAngleHrz:0,currCaliAnglePit:0,selfCaliAngleHrz:0,selfCaliAnglePit:0,servCaliAngleHrz:0,servCaliAnglePit:0,offlineCaliAngleHrz:0,offlineCaliAnglePit:0,determine2useFlag:0,IMU_Z_Accel:0,IMU_X_AngularRate:0,IMU_Y_AngularRate:0,IMU_RollAngle:0,IMU_PitchAngle:0,IMU_YawAngle:0,FcwID:0,FCWWarningLevel:0,FCWTTC:0
16,16.56,-0.12,17.84,0,0,0,0,0,-5.0745,15.7625,-0.125,-0.125,-17.7,0,0,0,0,0.0572958,0,0,0,0,96,0,0,0,0,0,0,59,0,0.00034,0.00034,0,0,0,0,0,0.8,0,0,0,0,0,0,1,0,0,0,0,0,0,0,0,30,0,,0,0,0,0,
20,6.92,0,-22.3,0,0,0,0,0,2.6255,6.4,0,0,4.9,0,0,0,0,0.0572958,0,0,0,0,90,0,0,0,0,0,0,59,0,0.00034,0.00034,0,0,0,0,0,1,0,0,0,0,0,0,1,0,0,0,0,0,0,0,0,99,0,,0,0,0,0,
21,9.22,0,-24.09,0,0,0,0,0,3.763,8.4125,-0.125,0,5.1,0,0,0,0,0.0572958,0,0,0,0,96,0,0,0,0,0,0,59,0,0.00034,0.00034,0,0,0,0,0,1,0,0,0,0,0,0,1,0,0,0,0,0,0,0,0,99,0,,0,0,0,0,
23,6.05,0,-1.66,0,0,0,0,0,0.1755,6.05,0,0,-6.3,0,0,0,0,0.0572958,0,0,0,0,98,0,0,0,0,0,0,59,0,0.00034,0.00034,0,0,0,0,0,1.8,0,0,0,0,0,0,1,0,0,0,0,0,0,0,0,98,0,,0,0,0,0,
76,6.32,0,13.61,0,0,0,0,0,-1.487,6.1375,-0.125,0,5.7,0,0,0,0,0.0572958,0,0,0,0,98,0,0,0,0,0,0,59,0,0.00034,0.00034,0,0,0,0,0,6.2,0,0,0,0,0,0,1,0,0,0,0,0,0,0,0,98,0,,0,0,0,0,
115,11.42,0,11.04,0,0,0,0,0,-2.187,11.2125,0,0,-16.3,0,0,0,0,0.0572958,0,0,0,0,65,0,0,0,0,0,0,59,0,0.00034,0.00034,0,0,0,0,0,0.8,0,0,0,0,0,0,1,0,0,0,0,0,0,0,0,99,0,,0,0,0,0,
END,Total:6
START,FrameNb:183,CameraNb:0,HeSaiNb:0,ARS410Nb:0
2026/08/02 16:23:58:478---->
heightOffset:0,1785659038478,1328172,selfCaliBufCnt:0,selfAccObjCnt:0,selfAccAngle:0,installHAngleOffset:0,Interpolation:0,installVAngleOffset:0,radarOffsetH:0,radarOffsetV:0.32,Polynom:-0.001023;-0.0511;-2.047;0;0;0;-0.001023;-0.0511;-2.047;-25.5;0;0,WheelDirection:0;0;0;0,selfAngleOffset:0,selfAngleOffsetPit:0,currCaliAngleHrz:0,currCaliAnglePit:0,selfCaliAngleHrz:0,selfCaliAnglePit:0,servCaliAngleHrz:0,servCaliAnglePit:0,offlineCaliAngleHrz:0,offlineCaliAnglePit:0,determine2useFlag:0,IMU_Z_Accel:0,IMU_X_AngularRate:0,IMU_Y_AngularRate:0,IMU_RollAngle:0,IMU_PitchAngle:0,IMU_YawAngle:0,FcwID:0,FCWWarningLevel:0,FCWTTC:0
16,16.56,-0.12,17.84,0,0,0,0,0,-5.0745,15.7625,-0.125,-0.125,-17.7,0,0,0,0,0.0572958,0,0,0,0,96,0,0,0,0,0,0,55,0,0.00034,0.00034,0,0,0,0,0,0.8,0,0,0,0,0,0,1,0,0,0,0,0,0,0,0,30,0,,0,0,0,0,
20,6.92,0,-22.3,0,0,0,0,0,2.6255,6.4,0,0,4.9,0,0,0,0,0.0572958,0,0,0,0,90,0,0,0,0,0,0,55,0,0.00034,0.00034,0,0,0,0,0,1,0,0,0,0,0,0,1,0,0,0,0,0,0,0,0,99,0,,0,0,0,0,
21,9.22,0,-24.09,0,0,0,0,0,3.763,8.4125,-0.125,0,5.1,0,0,0,0,0.0572958,0,0,0,0,96,0,0,0,0,0,0,55,0,0.00034,0.00034,0,0,0,0,0,1,0,0,0,0,0,0,1,0,0,0,0,0,0,0,0,99,0,,0,0,0,0,
23,6.05,0,-1.66,0,0,0,0,0,0.1755,6.05,0,0,-6.3,0,0,0,0,0.0572958,0,0,0,0,98,0,0,0,0,0,0,55,0,0.00034,0.00034,0,0,0,0,0,1.8,0,0,0,0,0,0,1,0,0,0,0,0,0,0,0,98,0,,0,0,0,0,
76,6.32,0,13.61,0,0,0,0,0,-1.487,6.1375,-0.125,0,5.7,0,0,0,0,0.0572958,0,0,0,0,98,0,0,0,0,0,0,55,0,0.00034,0.00034,0,0,0,0,0,6.2,0,0,0,0,0,0,1,0,0,0,0,0,0,0,0,98,0,,0,0,0,0,
115,11.42,0,11.04,0,0,0,0,0,-2.187,11.2125,0,0,-16.3,0,0,0,0,0.0572958,0,0,0,0,65,0,0,0,0,0,0,55,0,0.00034,0.00034,0,0,0,0,0,0.8,0,0,0,0,0,0,1,0,0,0,0,0,0,0,0,99,0,,0,0,0,0,
END,Total:6
START,FrameNb:184,CameraNb:0,HeSaiNb:0,ARS410Nb:0
2026/08/02 16:23:58:540---->
heightOffset:0,1785659038540,1328222,selfCaliBufCnt:0,selfAccObjCnt:0,selfAccAngle:0,installHAngleOffset:0,Interpolation:0,installVAngleOffset:0,radarOffsetH:0,radarOffsetV:0.32,Polynom:-0.001023;-0.0511;-2.047;0;0;0;-0.001023;-0.0511;-2.047;-25.5;0;0,WheelDirection:0;0;0;0,selfAngleOffset:0,selfAngleOffsetPit:0,currCaliAngleHrz:0,currCaliAnglePit:0,selfCaliAngleHrz:0,selfCaliAnglePit:0,servCaliAngleHrz:0,servCaliAnglePit:0,offlineCaliAngleHrz:0,offlineCaliAnglePit:0,determine2useFlag:0,IMU_Z_Accel:0,IMU_X_AngularRate:0,IMU_Y_AngularRate:0,IMU_RollAngle:0,IMU_PitchAngle:0,IMU_YawAngle:0,FcwID:0,FCWWarningLevel:0,FCWTTC:0
16,16.56,-0.12,17.84,0,0,0,0,0,-5.0745,15.7625,-0.125,-0.125,-17.7,0,0,0,0,0.0572958,0,0,0,0,96,0,0,0,0,0,0,55,0,0.00034,0.00034,0,0,0,0,0,0.8,0,0,0,0,0,0,1,0,0,0,0,0,0,0,0,30,0,,0,0,0,0,
20,6.92,0,-22.3,0,0,0,0,0,2.6255,6.4,0,0,4.9,0,0,0,0,0.0572958,0,0,0,0,91,0,0,0,0,0,0,55,0,0.00034,0.00034,0,0,0,0,0,1,0,0,0,0,0,0,1,0,0,0,0,0,0,0,0,99,0,,0,0,0,0,
21,9.22,0,-24.09,0,0,0,0,0,3.763,8.4125,-0.125,0,5.1,0,0,0,0,0.0572958,0,0,0,0,96,0,0,0,0,0,0,55,0,0.00034,0.00034,0,0,0,0,0,1,0,0,0,0,0,0,1,0,0,0,0,0,0,0,0,99,0,,0,0,0,0,
23,6.05,0,-1.66,0,0,0,0,0,0.1755,6.05,0,0,-6.3,0,0,0,0,0.0572958,0,0,0,0,98,0,0,0,0,0,0,55,0,0.00034,0.00034,0,0,0,0,0,1.8,0,0,0,0,0,0,1,0,0,0,0,0,0,0,0,98,0,,0,0,0,0,
76,6.32,0,13.61,0,0,0,0,0,-1.487,6.1375,0,0,5.7,0,0,0,0,0.0572958,0,0,0,0,98,0,0,0,0,0,0,55,0,0.00034,0.00034,0,0,0,0,0,6.2,0,0,0,0,0,0,1,0,0,0,0,0,0,0,0,98,0,,0,0,0,0,
115,11.42,-0.12,11.04,0,0,0,0,0,-2.187,11.2125,0,-0.125,-16.3,0,0,0,0,0.0572958,0,0,0,0,65,0,0,0,0,0,0,55,0,0.00034,0.00034,0,0,0,0,0,0.8,0,0,0,0,0,0,1,0,0,0,0,0,0,0,0,99,0,,0,0,0,0,
END,Total:6
START,FrameNb:185,CameraNb:0,HeSaiNb:0,ARS410Nb:0
2026/08/02 16:23:58:605---->
heightOffset:0,1785659038605,1328272,selfCaliBufCnt:0,selfAccObjCnt:0,selfAccAngle:0,installHAngleOffset:0,Interpolation:0,installVAngleOffset:0,radarOffsetH:0,radarOffsetV:0.32,Polynom:-0.001023;-0.0511;-2.047;0;0;0;-0.001023;-0.0511;-2.047;-25.5;0;0,WheelDirection:0;0;0;0,selfAngleOffset:0,selfAngleOffsetPit:0,currCaliAngleHrz:0,currCaliAnglePit:0,selfCaliAngleHrz:0,selfCaliAnglePit:0,servCaliAngleHrz:0,servCaliAnglePit:0,offlineCaliAngleHrz:0,offlineCaliAnglePit:0,determine2useFlag:0,IMU_Z_Accel:0,IMU_X_AngularRate:0,IMU_Y_AngularRate:0,IMU_RollAngle:0,IMU_PitchAngle:0,IMU_YawAngle:0,FcwID:0,FCWWarningLevel:0,FCWTTC:0
16,16.56,-0.12,17.84,0,0,0,0,0,-5.0745,15.7625,-0.125,-0.125,-17.7,0,0,0,0,0.0572958,0,0,0,0,96,0,0,0,0,0,0,58,0,0.00034,0.00034,0,0,0,0,0,0.8,0,0,0,0,0,0,1,0,0,0,0,0,0,0,0,30,0,,0,0,0,0,
20,6.92,0,-22.3,0,0,0,0,0,2.6255,6.4,0,0,4.9,0,0,0,0,0.0572958,0,0,0,0,91,0,0,0,0,0,0,58,0,0.00034,0.00034,0,0,0,0,0,1,0,0,0,0,0,0,1,0,0,0,0,0,0,0,0,99,0,,0,0,0,0,
21,9.22,0,-24.09,0,0,0,0,0,3.763,8.4125,-0.125,0,5.1,0,0,0,0,0.0572958,0,0,0,0,96,0,0,0,0,0,0,58,0,0.00034,0.00034,0,0,0,0,0,1,0,0,0,0,0,0,1,0,0,0,0,0,0,0,0,99,0,,0,0,0,0,
23,6.05,0,-1.66,0,0,0,0,0,0.1755,6.05,0,0,-6.3,0,0,0,0,0.0572958,0,0,0,0,98,0,0,0,0,0,0,58,0,0.00034,0.00034,0,0,0,0,0,1.8,0,0,0,0,0,0,1,0,0,0,0,0,0,0,0,98,0,,0,0,0,0,
76,6.32,0,13.61,0,0,0,0,0,-1.487,6.1375,-0.125,0,5.7,0,0,0,0,0.0572958,0,0,0,0,98,0,0,0,0,0,0,58,0,0.00034,0.00034,0,0,0,0,0,6.2,0,0,0,0,0,0,1,0,0,0,0,0,0,0,0,98,0,,0,0,0,0,
115,11.42,-0.12,11.04,0,0,0,0,0,-2.187,11.2125,0,-0.125,-16.3,0,0,0,0,0.0572958,0,0,0,0,65,0,0,0,0,0,0,58,0,0.00034,0.00034,0,0,0,0,0,0.8,0,0,0,0,0,0,1,0,0,0,0,0,0,0,0,99,0,,0,0,0,0,
END,Total:6
START,FrameNb:186,CameraNb:0,HeSaiNb:0,ARS410Nb:0
2026/08/02 16:23:58:635---->
heightOffset:0,1785659038635,1328321,selfCaliBufCnt:0,selfAccObjCnt:0,selfAccAngle:0,installHAngleOffset:0,Interpolation:0,installVAngleOffset:0,radarOffsetH:0,radarOffsetV:0.32,Polynom:-0.001023;-0.0511;-2.047;0;0;0;-0.001023;-0.0511;-2.047;-25.5;0;0,WheelDirection:0;0;0;0,selfAngleOffset:0,selfAngleOffsetPit:0,currCaliAngleHrz:0,currCaliAnglePit:0,selfCaliAngleHrz:0,selfCaliAnglePit:0,servCaliAngleHrz:0,servCaliAnglePit:0,offlineCaliAngleHrz:0,offlineCaliAnglePit:0,determine2useFlag:0,IMU_Z_Accel:0,IMU_X_AngularRate:0,IMU_Y_AngularRate:0,IMU_RollAngle:0,IMU_PitchAngle:0,IMU_YawAngle:0,FcwID:0,FCWWarningLevel:0,FCWTTC:0
16,16.56,0,17.84,0,0,0,0,0,-5.0745,15.7625,-0.125,0,-17.7,0,0,0,0,0.0572958,0,0,0,0,96,0,0,0,0,0,0,54,0,0.00034,0.00034,0,0,0,0,0,0.8,0,0,0,0,0,0,1,0,0,0,0,0,0,0,0,30,0,,0,0,0,0,
20,6.92,0,-22.3,0,0,0,0,0,2.6255,6.4,0,0,4.9,0,0,0,0,0.0572958,0,0,0,0,92,0,0,0,0,0,0,54,0,0.00034,0.00034,0,0,0,0,0,0.8,0,0,0,0,0,0,1,0,0,0,0,0,0,0,0,99,0,,0,0,0,0,
21,9.22,0,-24.09,0,0,0,0,0,3.763,8.4125,-0.125,0,5.3,0,0,0,0,0.0572958,0,0,0,0,96,0,0,0,0,0,0,54,0,0.00034,0.00034,0,0,0,0,0,1,0,0,0,0,0,0,1,0,0,0,0,0,0,0,0,99,0,,0,0,0,0,
23,6.05,0,-1.66,0,0,0,0,0,0.1755,6.05,0,0,-6.3,0,0,0,0,0.0572958,0,0,0,0,98,0,0,0,0,0,0,54,0,0.00034,0.00034,0,0,0,0,0,1.8,0,0,0,0,0,0,1,0,0,0,0,0,0,0,0,98,0,,0,0,0,0,
76,6.32,0,13.61,0,0,0,0,0,-1.487,6.1375,0,0,5.7,0,0,0,0,0.0572958,0,0,0,0,98,0,0,0,0,0,0,54,0,0.00034,0.00034,0,0,0,0,0,6.2,0,0,0,0,0,0,1,0,0,0,0,0,0,0,0,98,0,,0,0,0,0,
115,11.42,-0.12,11.04,0,0,0,0,0,-2.187,11.2125,0,-0.125,-16.3,0,0,0,0,0.0572958,0,0,0,0,65,0,0,0,0,0,0,54,0,0.00034,0.00034,0,0,0,0,0,0.8,0,0,0,0,0,0,1,0,0,0,0,0,0,0,0,99,0,,0,0,0,0,
END,Total:6
START,FrameNb:187,CameraNb:0,HeSaiNb:0,ARS410Nb:0
2026/08/02 16:23:58:686---->
heightOffset:0,1785659038686,1328371,selfCaliBufCnt:0,selfAccObjCnt:0,selfAccAngle:0,installHAngleOffset:0,Interpolation:0,installVAngleOffset:0,radarOffsetH:0,radarOffsetV:0.32,Polynom:-0.001023;-0.0511;-2.047;0;0;0;-0.001023;-0.0511;-2.047;-25.5;0;0,WheelDirection:0;0;0;0,selfAngleOffset:0,selfAngleOffsetPit:0,currCaliAngleHrz:0,currCaliAnglePit:0,selfCaliAngleHrz:0,selfCaliAnglePit:0,servCaliAngleHrz:0,servCaliAnglePit:0,offlineCaliAngleHrz:0,offlineCaliAnglePit:0,determine2useFlag:0,IMU_Z_Accel:0,IMU_X_AngularRate:0,IMU_Y_AngularRate:0,IMU_RollAngle:0,IMU_PitchAngle:0,IMU_YawAngle:0,FcwID:0,FCWWarningLevel:0,FCWTTC:0
16,16.56,0,17.84,0,0,0,0,0,-5.0745,15.7625,0,0,-17.7,0,0,0,0,0.0572958,0,0,0,0,96,0,0,0,0,0,0,58,0,0.00034,0.00034,0,0,0,0,0,0.8,0,0,0,0,0,0,1,0,0,0,0,0,0,0,0,30,0,,0,0,0,0,
20,6.92,0,-22.3,0,0,0,0,0,2.6255,6.4,0,0,4.9,0,0,0,0,0.0572958,0,0,0,0,92,0,0,0,0,0,0,58,0,0.00034,0.00034,0,0,0,0,0,0.8,0,0,0,0,0,0,1,0,0,0,0,0,0,0,0,99,0,,0,0,0,0,
21,9.22,0,-24.09,0,0,0,0,0,3.763,8.4125,-0.125,0,5.5,0,0,0,0,0.0572958,0,0,0,0,96,0,0,0,0,0,0,58,0,0.00034,0.00034,0,0,0,0,0,1,0,0,0,0,0,0,1,0,0,0,0,0,0,0,0,99,0,,0,0,0,0,
23,6.05,0,-1.66,0,0,0,0,0,0.1755,6.05,0,0,-6.3,0,0,0,0,0.0572958,0,0,0,0,98,0,0,0,0,0,0,58,0,0.00034,0.00034,0,0,0,0,0,2,0,0,0,0,0,0,1,0,0,0,0,0,0,0,0,98,0,,0,0,0,0,
76,6.32,0,13.61,0,0,0,0,0,-1.487,6.1375,-0.125,0,5.7,0,0,0,0,0.0572958,0,0,0,0,98,0,0,0,0,0,0,58,0,0.00034,0.00034,0,0,0,0,0,6.2,0,0,0,0,0,0,1,0,0,0,0,0,0,0,0,98,0,,0,0,0,0,
115,11.42,-0.12,11.04,0,0,0,0,0,-2.187,11.2125,0,-0.125,-16.3,0,0,0,0,0.0572958,0,0,0,0,65,0,0,0,0,0,0,58,0,0.00034,0.00034,0,0,0,0,0,0.8,0,0,0,0,0,0,1,0,0,0,0,0,0,0,0,99,0,,0,0,0,0,
END,Total:6
START,FrameNb:188,CameraNb:0,HeSaiNb:0,ARS410Nb:0
2026/08/02 16:23:58:729---->
heightOffset:0,1785659038729,1328421,selfCaliBufCnt:0,selfAccObjCnt:0,selfAccAngle:0,installHAngleOffset:0,Interpolation:0,installVAngleOffset:0,radarOffsetH:0,radarOffsetV:0.32,Polynom:-0.001023;-0.0511;-2.047;0;0;0;-0.001023;-0.0511;-2.047;-25.5;0;0,WheelDirection:0;0;0;0,selfAngleOffset:0,selfAngleOffsetPit:0,currCaliAngleHrz:0,currCaliAnglePit:0,selfCaliAngleHrz:0,selfCaliAnglePit:0,servCaliAngleHrz:0,servCaliAnglePit:0,offlineCaliAngleHrz:0,offlineCaliAnglePit:0,determine2useFlag:0,IMU_Z_Accel:0,IMU_X_AngularRate:0,IMU_Y_AngularRate:0,IMU_RollAngle:0,IMU_PitchAngle:0,IMU_YawAngle:0,FcwID:0,FCWWarningLevel:0,FCWTTC:0
16,16.56,0,17.84,0,0,0,0,0,-5.0745,15.7625,0,0,-17.7,0,0,0,0,0.0572958,0,0,0,0,96,0,0,0,0,0,0,58,0,0.00034,0.00034,0,0,0,0,0,0.8,0,0,0,0,0,0,1,0,0,0,0,0,0,0,0,30,0,,0,0,0,0,
20,6.92,0,-22.3,0,0,0,0,0,2.6255,6.4,0,0,4.9,0,0,0,0,0.0572958,0,0,0,0,92,0,0,0,0,0,0,58,0,0.00034,0.00034,0,0,0,0,0,0.8,0,0,0,0,0,0,1,0,0,0,0,0,0,0,0,99,0,,0,0,0,0,
21,9.22,0,-24.09,0,0,0,0,0,3.763,8.4125,-0.125,0,5.5,0,0,0,0,0.0572958,0,0,0,0,96,0,0,0,0,0,0,58,0,0.00034,0.00034,0,0,0,0,0,1,0,0,0,0,0,0,1,0,0,0,0,0,0,0,0,99,0,,0,0,0,0,
23,6.05,0,-1.66,0,0,0,0,0,0.1755,6.05,0,0,-6.3,0,0,0,0,0.0572958,0,0,0,0,98,0,0,0,0,0,0,58,0,0.00034,0.00034,0,0,0,0,0,2,0,0,0,0,0,0,1,0,0,0,0,0,0,0,0,98,0,,0,0,0,0,
76,6.32,0,13.61,0,0,0,0,0,-1.487,6.1375,0,0,5.7,0,0,0,0,0.0572958,0,0,0,0,98,0,0,0,0,0,0,58,0,0.00034,0.00034,0,0,0,0,0,6.2,0,0,0,0,0,0,1,0,0,0,0,0,0,0,0,98,0,,0,0,0,0,
115,11.42,-0.12,11.04,0,0,0,0,0,-2.187,11.2125,0,-0.125,-16.1,0,0,0,0,0.0572958,0,0,0,0,65,0,0,0,0,0,0,58,0,0.00034,0.00034,0,0,0,0,0,0.8,0,0,0,0,0,0,1,0,0,0,0,0,0,0,0,99,0,,0,0,0,0,
END,Total:6
START,FrameNb:189,CameraNb:0,HeSaiNb:0,ARS410Nb:0
2026/08/02 16:23:58:792---->
heightOffset:0,1785659038792,1328471,selfCaliBufCnt:0,selfAccObjCnt:0,selfAccAngle:0,installHAngleOffset:0,Interpolation:0,installVAngleOffset:0,radarOffsetH:0,radarOffsetV:0.32,Polynom:-0.001023;-0.0511;-2.047;0;0;0;-0.001023;-0.0511;-2.047;-25.5;0;0,WheelDirection:0;0;0;0,selfAngleOffset:0,selfAngleOffsetPit:0,currCaliAngleHrz:0,currCaliAnglePit:0,selfCaliAngleHrz:0,selfCaliAnglePit:0,servCaliAngleHrz:0,servCaliAnglePit:0,offlineCaliAngleHrz:0,offlineCaliAnglePit:0,determine2useFlag:0,IMU_Z_Accel:0,IMU_X_AngularRate:0,IMU_Y_AngularRate:0,IMU_RollAngle:0,IMU_PitchAngle:0,IMU_YawAngle:0,FcwID:0,FCWWarningLevel:0,FCWTTC:0
16,16.56,0,17.84,0,0,0,0,0,-5.0745,15.7625,-0.125,0,-17.7,0,0,0,0,0.0572958,0,0,0,0,96,0,0,0,0,0,0,64,0,0.00034,0.00034,0,0,0,0,0,0.8,0,0,0,0,0,0,1,0,0,0,0,0,0,0,0,30,0,,0,0,0,0,
20,6.92,0,-22.3,0,0,0,0,0,2.6255,6.4,0,0,4.9,0,0,0,0,0.0572958,0,0,0,0,93,0,0,0,0,0,0,64,0,0.00034,0.00034,0,0,0,0,0,0.8,0,0,0,0,0,0,1,0,0,0,0,0,0,0,0,99,0,,0,0,0,0,
21,9.22,0,-24.09,0,0,0,0,0,3.763,8.4125,-0.125,0,5.5,0,0,0,0,0.0572958,0,0,0,0,96,0,0,0,0,0,0,64,0,0.00034,0.00034,0,0,0,0,0,0.8,0,0,0,0,0,0,1,0,0,0,0,0,0,0,0,99,0,,0,0,0,0,
23,6.05,0,-1.66,0,0,0,0,0,0.1755,6.05,0,0,-6.3,0,0,0,0,0.0572958,0,0,0,0,98,0,0,0,0,0,0,64,0,0.00034,0.00034,0,0,0,0,0,2,0,0,0,0,0,0,1,0,0,0,0,0,0,0,0,98,0,,0,0,0,0,
76,6.32,0,13.61,0,0,0,0,0,-1.487,6.1375,-0.125,0,5.7,0,0,0,0,0.0572958,0,0,0,0,98,0,0,0,0,0,0,64,0,0.00034,0.00034,0,0,0,0,0,6.2,0,0,0,0,0,0,1,0,0,0,0,0,0,0,0,98,0,,0,0,0,0,
115,11.42,-0.12,11.04,0,0,0,0,0,-2.187,11.2125,0,-0.125,-16.1,0,0,0,0,0.0572958,0,0,0,0,65,0,0,0,0,0,0,64,0,0.00034,0.00034,0,0,0,0,0,0.8,0,0,0,0,0,0,1,0,0,0,0,0,0,0,0,99,0,,0,0,0,0,
END,Total:6
START,FrameNb:190,CameraNb:0,HeSaiNb:0,ARS410Nb:0
2026/08/02 16:23:58:853---->
heightOffset:0,1785659038853,1328521,selfCaliBufCnt:0,selfAccObjCnt:0,selfAccAngle:0,installHAngleOffset:0,Interpolation:0,installVAngleOffset:0,radarOffsetH:0,radarOffsetV:0.32,Polynom:-0.001023;-0.0511;-2.047;0;0;0;-0.001023;-0.0511;-2.047;-25.5;0;0,WheelDirection:0;0;0;0,selfAngleOffset:0,selfAngleOffsetPit:0,currCaliAngleHrz:0,currCaliAnglePit:0,selfCaliAngleHrz:0,selfCaliAnglePit:0,servCaliAngleHrz:0,servCaliAnglePit:0,offlineCaliAngleHrz:0,offlineCaliAnglePit:0,determine2useFlag:0,IMU_Z_Accel:0,IMU_X_AngularRate:0,IMU_Y_AngularRate:0,IMU_RollAngle:0,IMU_PitchAngle:0,IMU_YawAngle:0,FcwID:0,FCWWarningLevel:0,FCWTTC:0
16,16.56,0,17.84,0,0,0,0,0,-5.0745,15.7625,-0.125,0,-17.7,0,0,0,0,0.0572958,0,0,0,0,96,0,0,0,0,0,0,55,0,0.00034,0.00034,0,0,0,0,0,0.8,0,0,0,0,0,0,1,0,0,0,0,0,0,0,0,30,0,,0,0,0,0,
20,6.92,0,-22.3,0,0,0,0,0,2.6255,6.4,0,0,4.9,0,0,0,0,0.0572958,0,0,0,0,92,0,0,0,0,0,0,55,0,0.00034,0.00034,0,0,0,0,0,1.2,0,0,0,0,0,0,1,0,0,0,0,0,0,0,0,99,0,,0,0,0,0,
21,9.22,0,-24.09,0,0,0,0,0,3.763,8.4125,-0.125,0,5.3,0,0,0,0,0.0572958,0,0,0,0,96,0,0,0,0,0,0,55,0,0.00034,0.00034,0,0,0,0,0,1.6,0,0,0,0,0,0,1,0,0,0,0,0,0,0,0,99,0,,0,0,0,0,
23,6.05,0,-1.66,0,0,0,0,0,0.1755,6.05,0,0,-6.3,0,0,0,0,0.0572958,0,0,0,0,98,0,0,0,0,0,0,55,0,0.00034,0.00034,0,0,0,0,0,2,0,0,0,0,0,0,1,0,0,0,0,0,0,0,0,98,0,,0,0,0,0,
76,6.32,0,13.61,0,0,0,0,0,-1.487,6.1375,0,0,5.7,0,0,0,0,0.0572958,0,0,0,0,98,0,0,0,0,0,0,55,0,0.00034,0.00034,0,0,0,0,0,6.2,0,0,0,0,0,0,1,0,0,0,0,0,0,0,0,98,0,,0,0,0,0,
115,11.42,-0.12,11.04,0,0,0,0,0,-2.187,11.2125,0,-0.125,-16.1,0,0,0,0,0.0572958,0,0,0,0,65,0,0,0,0,0,0,55,0,0.00034,0.00034,0,0,0,0,0,0.8,0,0,0,0,0,0,1,0,0,0,0,0,0,0,0,99,0,,0,0,0,0,
END,Total:6
START,FrameNb:191,CameraNb:0,HeSaiNb:0,ARS410Nb:0
2026/08/02 16:23:58:883---->
heightOffset:0,1785659038883,1328572,selfCaliBufCnt:0,selfAccObjCnt:0,selfAccAngle:0,installHAngleOffset:0,Interpolation:0,installVAngleOffset:0,radarOffsetH:0,radarOffsetV:0.32,Polynom:-0.001023;-0.0511;-2.047;0;0;0;-0.001023;-0.0511;-2.047;-25.5;0;0,WheelDirection:0;0;0;0,selfAngleOffset:0,selfAngleOffsetPit:0,currCaliAngleHrz:0,currCaliAnglePit:0,selfCaliAngleHrz:0,selfCaliAnglePit:0,servCaliAngleHrz:0,servCaliAnglePit:0,offlineCaliAngleHrz:0,offlineCaliAnglePit:0,determine2useFlag:0,IMU_Z_Accel:0,IMU_X_AngularRate:0,IMU_Y_AngularRate:0,IMU_RollAngle:0,IMU_PitchAngle:0,IMU_YawAngle:0,FcwID:0,FCWWarningLevel:0,FCWTTC:0
16,16.56,0,17.84,0,0,0,0,0,-5.0745,15.7625,-0.125,0,-17.7,0,0,0,0,0.0572958,0,0,0,0,96,0,0,0,0,0,0,58,0,0.00034,0.00034,0,0,0,0,0,0.8,0,0,0,0,0,0,1,0,0,0,0,0,0,0,0,30,0,,0,0,0,0,
20,6.92,0,-22.3,0,0,0,0,0,2.6255,6.4,0,0,4.9,0,0,0,0,0.0572958,0,0,0,0,92,0,0,0,0,0,0,58,0,0.00034,0.00034,0,0,0,0,0,1.2,0,0,0,0,0,0,1,0,0,0,0,0,0,0,0,99,0,,0,0,0,0,
21,9.22,0,-24.09,0,0,0,0,0,3.763,8.4125,-0.125,0,5.3,0,0,0,0,0.0572958,0,0,0,0,96,0,0,0,0,0,0,58,0,0.00034,0.00034,0,0,0,0,0,1.6,0,0,0,0,0,0,1,0,0,0,0,0,0,0,0,99,0,,0,0,0,0,
23,6.05,0,-1.66,0,0,0,0,0,0.1755,6.05,0,0,-6.3,0,0,0,0,0.0572958,0,0,0,0,98,0,0,0,0,0,0,58,0,0.00034,0.00034,0,0,0,0,0,2,0,0,0,0,0,0,1,0,0,0,0,0,0,0,0,98,0,,0,0,0,0,
76,6.32,0,13.61,0,0,0,0,0,-1.487,6.1375,0,0,5.7,0,0,0,0,0.0572958,0,0,0,0,98,0,0,0,0,0,0,58,0,0.00034,0.00034,0,0,0,0,0,6.2,0,0,0,0,0,0,1,0,0,0,0,0,0,0,0,98,0,,0,0,0,0,
115,11.42,-0.12,11.04,0,0,0,0,0,-2.187,11.2125,0,-0.125,-16.1,0,0,0,0,0.0572958,0,0,0,0,65,0,0,0,0,0,0,58,0,0.00034,0.00034,0,0,0,0,0,0.8,0,0,0,0,0,0,1,0,0,0,0,0,0,0,0,99,0,,0,0,0,0,
END,Total:6
START,FrameNb:192,CameraNb:0,HeSaiNb:0,ARS410Nb:0
2026/08/02 16:23:58:936---->
heightOffset:0,1785659038936,1328621,selfCaliBufCnt:0,selfAccObjCnt:0,selfAccAngle:0,installHAngleOffset:0,Interpolation:0,installVAngleOffset:0,radarOffsetH:0,radarOffsetV:0.32,Polynom:-0.001023;-0.0511;-2.047;0;0;0;-0.001023;-0.0511;-2.047;-25.5;0;0,WheelDirection:0;0;0;0,selfAngleOffset:0,selfAngleOffsetPit:0,currCaliAngleHrz:0,currCaliAnglePit:0,selfCaliAngleHrz:0,selfCaliAnglePit:0,servCaliAngleHrz:0,servCaliAnglePit:0,offlineCaliAngleHrz:0,offlineCaliAnglePit:0,determine2useFlag:0,IMU_Z_Accel:0,IMU_X_AngularRate:0,IMU_Y_AngularRate:0,IMU_RollAngle:0,IMU_PitchAngle:0,IMU_YawAngle:0,FcwID:0,FCWWarningLevel:0,FCWTTC:0
16,16.56,0,17.84,0,0,0,0,0,-5.0745,15.7625,-0.125,0,-17.7,0,0,0,0,0.0572958,0,0,0,0,96,0,0,0,0,0,0,58,0,0.00034,0.00034,0,0,0,0,0,0.8,0,0,0,0,0,0,1,0,0,0,0,0,0,0,0,30,0,,0,0,0,0,
20,6.92,0,-22.3,0,0,0,0,0,2.6255,6.4,0,0,4.9,0,0,0,0,0.0572958,0,0,0,0,92,0,0,0,0,0,0,58,0,0.00034,0.00034,0,0,0,0,0,1,0,0,0,0,0,0,1,0,0,0,0,0,0,0,0,99,0,,0,0,0,0,
21,9.22,0,-24.09,0,0,0,0,0,3.763,8.4125,-0.125,0,5.3,0,0,0,0,0.0572958,0,0,0,0,96,0,0,0,0,0,0,58,0,0.00034,0.00034,0,0,0,0,0,1.4,0,0,0,0,0,0,1,0,0,0,0,0,0,0,0,99,0,,0,0,0,0,
23,6.05,0,-1.66,0,0,0,0,0,0.1755,6.05,0,0,-6.3,0,0,0,0,0.0572958,0,0,0,0,98,0,0,0,0,0,0,58,0,0.00034,0.00034,0,0,0,0,0,2,0,0,0,0,0,0,1,0,0,0,0,0,0,0,0,98,0,,0,0,0,0,
30,10.63,0,-49.96,0,0,0,0,0,8.138,6.8375,0,0,22.5,0,0,0,0,0.0572958,0,0,0,0,65,0,0,0,0,0,0,58,0,0.00034,0.00034,0,0,0,0,0,1,0,0,0,0,0,0,1,0,0,0,0,0,0,0,0,71,0,,0,0,0,0,
76,6.32,0,13.61,0,0,0,0,0,-1.487,6.1375,0,0,5.7,0,0,0,0,0.0572958,0,0,0,0,98,0,0,0,0,0,0,58,0,0.00034,0.00034,0,0,0,0,0,6.2,0,0,0,0,0,0,1,0,0,0,0,0,0,0,0,98,0,,0,0,0,0,
115,11.42,-0.12,11.04,0,0,0,0,0,-2.187,11.2125,0,-0.125,-16.1,0,0,0,0,0.0572958,0,0,0,0,65,0,0,0,0,0,0,58,0,0.00034,0.00034,0,0,0,0,0,0.8,0,0,0,0,0,0,1,0,0,0,0,0,0,0,0,99,0,,0,0,0,0,
END,Total:7
START,FrameNb:193,CameraNb:0,HeSaiNb:0,ARS410Nb:0
2026/08/02 16:23:58:999---->
heightOffset:0,1785659038999,1328672,selfCaliBufCnt:0,selfAccObjCnt:0,selfAccAngle:0,installHAngleOffset:0,Interpolation:0,installVAngleOffset:0,radarOffsetH:0,radarOffsetV:0.32,Polynom:-0.001023;-0.0511;-2.047;0;0;0;-0.001023;-0.0511;-2.047;-25.5;0;0,WheelDirection:0;0;0;0,selfAngleOffset:0,selfAngleOffsetPit:0,currCaliAngleHrz:0,currCaliAnglePit:0,selfCaliAngleHrz:0,selfCaliAnglePit:0,servCaliAngleHrz:0,servCaliAnglePit:0,offlineCaliAngleHrz:0,offlineCaliAnglePit:0,determine2useFlag:0,IMU_Z_Accel:0,IMU_X_AngularRate:0,IMU_Y_AngularRate:0,IMU_RollAngle:0,IMU_PitchAngle:0,IMU_YawAngle:0,FcwID:0,FCWWarningLevel:0,FCWTTC:0
16,16.56,0,17.84,0,0,0,0,0,-5.0745,15.7625,-0.125,0,-17.7,0,0,0,0,0.0572958,0,0,0,0,96,0,0,0,0,0,0,54,0,0.00034,0.00034,0,0,0,0,0,0.8,0,0,0,0,0,0,1,0,0,0,0,0,0,0,0,30,0,,0,0,0,0,
20,6.92,0,-22.3,0,0,0,0,0,2.6255,6.4,0,0,4.9,0,0,0,0,0.0572958,0,0,0,0,92,0,0,0,0,0,0,54,0,0.00034,0.00034,0,0,0,0,0,1,0,0,0,0,0,0,1,0,0,0,0,0,0,0,0,99,0,,0,0,0,0,
21,9.22,0,-24.09,0,0,0,0,0,3.763,8.4125,-0.125,0,5.3,0,0,0,0,0.0572958,0,0,0,0,96,0,0,0,0,0,0,54,0,0.00034,0.00034,0,0,0,0,0,1.2,0,0,0,0,0,0,1,0,0,0,0,0,0,0,0,99,0,,0,0,0,0,
23,6.05,0,-1.66,0,0,0,0,0,0.1755,6.05,0,0,-6.3,0,0,0,0,0.0572958,0,0,0,0,98,0,0,0,0,0,0,54,0,0.00034,0.00034,0,0,0,0,0,2,0,0,0,0,0,0,1,0,0,0,0,0,0,0,0,98,0,,0,0,0,0,
30,10.63,0,-49.96,0,0,0,0,0,8.138,6.8375,0,0,22.5,0,0,0,0,0.0572958,0,0,0,0,65,0,0,0,0,0,0,54,0,0.00034,0.00034,0,0,0,0,0,1,0,0,0,0,0,0,1,0,0,0,0,0,0,0,0,77,0,,0,0,0,0,
76,6.32,0,13.61,0,0,0,0,0,-1.487,6.1375,0,0,5.7,0,0,0,0,0.0572958,0,0,0,0,98,0,0,0,0,0,0,54,0,0.00034,0.00034,0,0,0,0,0,6.2,0,0,0,0,0,0,1,0,0,0,0,0,0,0,0,98,0,,0,0,0,0,
115,11.42,-0.12,11.04,0,0,0,0,0,-2.187,11.2125,0,-0.125,-16.1,0,0,0,0,0.0572958,0,0,0,0,65,0,0,0,0,0,0,54,0,0.00034,0.00034,0,0,0,0,0,0.8,0,0,0,0,0,0,1,0,0,0,0,0,0,0,0,99,0,,0,0,0,0,
END,Total:7
START,FrameNb:194,CameraNb:0,HeSaiNb:0,ARS410Nb:0
2026/08/02 16:23:59:041---->
heightOffset:0,1785659039041,1328721,selfCaliBufCnt:0,selfAccObjCnt:0,selfAccAngle:0,installHAngleOffset:0,Interpolation:0,installVAngleOffset:0,radarOffsetH:0,radarOffsetV:0.32,Polynom:-0.001023;-0.0511;-2.047;0;0;0;-0.001023;-0.0511;-2.047;-25.5;0;0,WheelDirection:0;0;0;0,selfAngleOffset:0,selfAngleOffsetPit:0,currCaliAngleHrz:0,currCaliAnglePit:0,selfCaliAngleHrz:0,selfCaliAnglePit:0,servCaliAngleHrz:0,servCaliAnglePit:0,offlineCaliAngleHrz:0,offlineCaliAnglePit:0,determine2useFlag:0,IMU_Z_Accel:0,IMU_X_AngularRate:0,IMU_Y_AngularRate:0,IMU_RollAngle:0,IMU_PitchAngle:0,IMU_YawAngle:0,FcwID:0,FCWWarningLevel:0,FCWTTC:0
16,16.56,0,17.84,0,0,0,0,0,-5.0745,15.7625,-0.125,0,-17.9,0,0,0,0,0.0572958,0,0,0,0,96,0,0,0,0,0,0,58,0,0.00034,0.00034,0,0,0,0,0,0.8,0,0,0,0,0,0,1,0,0,0,0,0,0,0,0,30,0,,0,0,0,0,
20,6.92,0,-22.3,0,0,0,0,0,2.6255,6.4,0,0,4.9,0,0,0,0,0.0572958,0,0,0,0,92,0,0,0,0,0,0,58,0,0.00034,0.00034,0,0,0,0,0,1,0,0,0,0,0,0,1,0,0,0,0,0,0,0,0,99,0,,0,0,0,0,
21,9.22,0,-24.09,0,0,0,0,0,3.763,8.4125,-0.125,0,5.1,0,0,0,0,0.0572958,0,0,0,0,96,0,0,0,0,0,0,58,0,0.00034,0.00034,0,0,0,0,0,1.2,0,0,0,0,0,0,1,0,0,0,0,0,0,0,0,99,0,,0,0,0,0,
23,6.05,0,-1.66,0,0,0,0,0,0.1755,6.05,0,0,-6.3,0,0,0,0,0.0572958,0,0,0,0,98,0,0,0,0,0,0,58,0,0.00034,0.00034,0,0,0,0,0,2,0,0,0,0,0,0,1,0,0,0,0,0,0,0,0,98,0,,0,0,0,0,
30,10.63,0,-49.96,0,0,0,0,0,8.138,6.8375,0,0,22.5,0,0,0,0,0.0572958,0,0,0,0,65,0,0,0,0,0,0,58,0,0.00034,0.00034,0,0,0,0,0,1,0,0,0,0,0,0,1,0,0,0,0,0,0,0,0,81,0,,0,0,0,0,
76,6.32,0,13.61,0,0,0,0,0,-1.487,6.1375,0,0,5.7,0,0,0,0,0.0572958,0,0,0,0,98,0,0,0,0,0,0,58,0,0.00034,0.00034,0,0,0,0,0,6.2,0,0,0,0,0,0,1,0,0,0,0,0,0,0,0,98,0,,0,0,0,0,
115,11.42,-0.12,11.04,0,0,0,0,0,-2.187,11.2125,0,-0.125,-16.1,0,0,0,0,0.0572958,0,0,0,0,65,0,0,0,0,0,0,58,0,0.00034,0.00034,0,0,0,0,0,0.8,0,0,0,0,0,0,1,0,0,0,0,0,0,0,0,99,0,,0,0,0,0,
END,Total:7
START,FrameNb:195,CameraNb:0,HeSaiNb:0,ARS410Nb:0
2026/08/02 16:23:59:083---->
heightOffset:0,1785659039083,1328771,selfCaliBufCnt:0,selfAccObjCnt:0,selfAccAngle:0,installHAngleOffset:0,Interpolation:0,installVAngleOffset:0,radarOffsetH:0,radarOffsetV:0.32,Polynom:-0.001023;-0.0511;-2.047;0;0;0;-0.001023;-0.0511;-2.047;-25.5;0;0,WheelDirection:0;0;0;0,selfAngleOffset:0,selfAngleOffsetPit:0,currCaliAngleHrz:0,currCaliAnglePit:0,selfCaliAngleHrz:0,selfCaliAnglePit:0,servCaliAngleHrz:0,servCaliAnglePit:0,offlineCaliAngleHrz:0,offlineCaliAnglePit:0,determine2useFlag:0,IMU_Z_Accel:0,IMU_X_AngularRate:0,IMU_Y_AngularRate:0,IMU_RollAngle:0,IMU_PitchAngle:0,IMU_YawAngle:0,FcwID:0,FCWWarningLevel:0,FCWTTC:0
16,16.56,0,17.84,0,0,0,0,0,-5.0745,15.7625,-0.125,0,-17.7,0,0,0,0,0.0572958,0,0,0,0,96,0,0,0,0,0,0,57,0,0.00034,0.00034,0,0,0,0,0,0.8,0,0,0,0,0,0,1,0,0,0,0,0,0,0,0,30,0,,0,0,0,0,
20,6.92,0,-22.3,0,0,0,0,0,2.6255,6.4,0,0,4.9,0,0,0,0,0.0572958,0,0,0,0,92,0,0,0,0,0,0,57,0,0.00034,0.00034,0,0,0,0,0,1,0,0,0,0,0,0,1,0,0,0,0,0,0,0,0,99,0,,0,0,0,0,
21,9.22,0,-24.09,0,0,0,0,0,3.763,8.4125,-0.125,0,5.3,0,0,0,0,0.0572958,0,0,0,0,96,0,0,0,0,0,0,57,0,0.00034,0.00034,0,0,0,0,0,1.2,0,0,0,0,0,0,1,0,0,0,0,0,0,0,0,99,0,,0,0,0,0,
23,6.05,0,-1.66,0,0,0,0,0,0.1755,6.05,0,0,-6.3,0,0,0,0,0.0572958,0,0,0,0,98,0,0,0,0,0,0,57,0,0.00034,0.00034,0,0,0,0,0,2,0,0,0,0,0,0,1,0,0,0,0,0,0,0,0,98,0,,0,0,0,0,
30,10.63,0,-49.96,0,0,0,0,0,8.138,6.8375,0,0,22.7,0,0,0,0,0.0572958,0,0,0,0,65,0,0,0,0,0,0,57,0,0.00034,0.00034,0,0,0,0,0,1,0,0,0,0,0,0,1,0,0,0,0,0,0,0,0,85,0,,0,0,0,0,
76,6.32,0,13.61,0,0,0,0,0,-1.487,6.1375,0,0,5.7,0,0,0,0,0.0572958,0,0,0,0,98,0,0,0,0,0,0,57,0,0.00034,0.00034,0,0,0,0,0,6.2,0,0,0,0,0,0,1,0,0,0,0,0,0,0,0,98,0,,0,0,0,0,
115,11.42,-0.12,11.04,0,0,0,0,0,-2.187,11.2125,0,-0.125,-16.1,0,0,0,0,0.0572958,0,0,0,0,65,0,0,0,0,0,0,57,0,0.00034,0.00034,0,0,0,0,0,0.8,0,0,0,0,0,0,1,0,0,0,0,0,0,0,0,99,0,,0,0,0,0,
END,Total:7
START,FrameNb:196,CameraNb:0,HeSaiNb:0,ARS410Nb:0
2026/08/02 16:23:59:137---->
heightOffset:0,1785659039137,1328821,selfCaliBufCnt:0,selfAccObjCnt:0,selfAccAngle:0,installHAngleOffset:0,Interpolation:0,installVAngleOffset:0,radarOffsetH:0,radarOffsetV:0.32,Polynom:-0.001023;-0.0511;-2.047;0;0;0;-0.001023;-0.0511;-2.047;-25.5;0;0,WheelDirection:0;0;0;0,selfAngleOffset:0,selfAngleOffsetPit:0,currCaliAngleHrz:0,currCaliAnglePit:0,selfCaliAngleHrz:0,selfCaliAnglePit:0,servCaliAngleHrz:0,servCaliAnglePit:0,offlineCaliAngleHrz:0,offlineCaliAnglePit:0,determine2useFlag:0,IMU_Z_Accel:0,IMU_X_AngularRate:0,IMU_Y_AngularRate:0,IMU_RollAngle:0,IMU_PitchAngle:0,IMU_YawAngle:0,FcwID:0,FCWWarningLevel:0,FCWTTC:0
16,16.56,0,17.84,0,0,0,0,0,-5.0745,15.7625,-0.125,0,-17.9,0,0,0,0,0.0572958,0,0,0,0,96,0,0,0,0,0,0,63,0,0.00034,0.00034,0,0,0,0,0,0.8,0,0,0,0,0,0,1,0,0,0,0,0,0,0,0,30,0,,0,0,0,0,
20,6.92,0,-22.3,0,0,0,0,0,2.6255,6.4,0,0,4.9,0,0,0,0,0.0572958,0,0,0,0,92,0,0,0,0,0,0,63,0,0.00034,0.00034,0,0,0,0,0,1,0,0,0,0,0,0,1,0,0,0,0,0,0,0,0,99,0,,0,0,0,0,
21,9.22,0,-24.09,0,0,0,0,0,3.763,8.4125,-0.125,0,5.3,0,0,0,0,0.0572958,0,0,0,0,96,0,0,0,0,0,0,63,0,0.00034,0.00034,0,0,0,0,0,1,0,0,0,0,0,0,1,0,0,0,0,0,0,0,0,99,0,,0,0,0,0,
23,6.05,0,-1.66,0,0,0,0,0,0.1755,6.05,0,0,-6.3,0,0,0,0,0.0572958,0,0,0,0,98,0,0,0,0,0,0,63,0,0.00034,0.00034,0,0,0,0,0,2,0,0,0,0,0,0,1,0,0,0,0,0,0,0,0,98,0,,0,0,0,0,
30,10.63,0,-49.96,0,0,0,0,0,8.138,6.8375,0,0,22.7,0,0,0,0,0.0572958,0,0,0,0,65,0,0,0,0,0,0,63,0,0.00034,0.00034,0,0,0,0,0,1,0,0,0,0,0,0,1,0,0,0,0,0,0,0,0,88,0,,0,0,0,0,
76,6.32,0,13.61,0,0,0,0,0,-1.487,6.1375,-0.125,0,5.7,0,0,0,0,0.0572958,0,0,0,0,98,0,0,0,0,0,0,63,0,0.00034,0.00034,0,0,0,0,0,6.2,0,0,0,0,0,0,1,0,0,0,0,0,0,0,0,98,0,,0,0,0,0,
115,11.42,-0.12,11.04,0,0,0,0,0,-2.187,11.2125,0,-0.125,-16.1,0,0,0,0,0.0572958,0,0,0,0,65,0,0,0,0,0,0,63,0,0.00034,0.00034,0,0,0,0,0,0.8,0,0,0,0,0,0,1,0,0,0,0,0,0,0,0,99,0,,0,0,0,0,
END,Total:7
START,FrameNb:197,CameraNb:0,HeSaiNb:0,ARS410Nb:0
2026/08/02 16:23:59:181---->
heightOffset:0,1785659039181,1328871,selfCaliBufCnt:0,selfAccObjCnt:0,selfAccAngle:0,installHAngleOffset:0,Interpolation:0,installVAngleOffset:0,radarOffsetH:0,radarOffsetV:0.32,Polynom:-0.001023;-0.0511;-2.047;0;0;0;-0.001023;-0.0511;-2.047;-25.5;0;0,WheelDirection:0;0;0;0,selfAngleOffset:0,selfAngleOffsetPit:0,currCaliAngleHrz:0,currCaliAnglePit:0,selfCaliAngleHrz:0,selfCaliAnglePit:0,servCaliAngleHrz:0,servCaliAnglePit:0,offlineCaliAngleHrz:0,offlineCaliAnglePit:0,determine2useFlag:0,IMU_Z_Accel:0,IMU_X_AngularRate:0,IMU_Y_AngularRate:0,IMU_RollAngle:0,IMU_PitchAngle:0,IMU_YawAngle:0,FcwID:0,FCWWarningLevel:0,FCWTTC:0
16,16.56,0,17.84,0,0,0,0,0,-5.0745,15.7625,-0.125,0,-17.9,0,0,0,0,0.0572958,0,0,0,0,96,0,0,0,0,0,0,57,0,0.00034,0.00034,0,0,0,0,0,0.8,0,0,0,0,0,0,1,0,0,0,0,0,0,0,0,30,0,,0,0,0,0,
20,6.92,0,-22.3,0,0,0,0,0,2.6255,6.4,0,0,4.9,0,0,0,0,0.0572958,0,0,0,0,92,0,0,0,0,0,0,57,0,0.00034,0.00034,0,0,0,0,0,1,0,0,0,0,0,0,1,0,0,0,0,0,0,0,0,99,0,,0,0,0,0,
21,9.22,0,-24.09,0,0,0,0,0,3.763,8.4125,-0.125,0,5.3,0,0,0,0,0.0572958,0,0,0,0,96,0,0,0,0,0,0,57,0,0.00034,0.00034,0,0,0,0,0,1,0,0,0,0,0,0,1,0,0,0,0,0,0,0,0,99,0,,0,0,0,0,
23,6.05,0,-1.66,0,0,0,0,0,0.1755,6.05,0,0,-6.3,0,0,0,0,0.0572958,0,0,0,0,98,0,0,0,0,0,0,57,0,0.00034,0.00034,0,0,0,0,0,2,0,0,0,0,0,0,1,0,0,0,0,0,0,0,0,98,0,,0,0,0,0,
30,10.63,0,-49.96,0,0,0,0,0,8.138,6.8375,0,0,22.5,0,0,0,0,0.0572958,0,0,0,0,65,0,0,0,0,0,0,57,0,0.00034,0.00034,0,0,0,0,0,1,0,0,0,0,0,0,1,0,0,0,0,0,0,0,0,90,0,,0,0,0,0,
76,6.32,0,13.61,0,0,0,0,0,-1.487,6.1375,0,0,5.7,0,0,0,0,0.0572958,0,0,0,0,98,0,0,0,0,0,0,57,0,0.00034,0.00034,0,0,0,0,0,6.2,0,0,0,0,0,0,1,0,0,0,0,0,0,0,0,98,0,,0,0,0,0,
115,11.42,0,11.04,0,0,0,0,0,-2.187,11.2125,0,0,-16.1,0,0,0,0,0.0572958,0,0,0,0,65,0,0,0,0,0,0,57,0,0.00034,0.00034,0,0,0,0,0,0.8,0,0,0,0,0,0,1,0,0,0,0,0,0,0,0,99,0,,0,0,0,0,
END,Total:7
START,FrameNb:198,CameraNb:0,HeSaiNb:0,ARS410Nb:0
2026/08/02 16:23:59:243---->
heightOffset:0,1785659039243,1328922,selfCaliBufCnt:0,selfAccObjCnt:0,selfAccAngle:0,installHAngleOffset:0,Interpolation:0,installVAngleOffset:0,radarOffsetH:0,radarOffsetV:0.32,Polynom:-0.001023;-0.0511;-2.047;0;0;0;-0.001023;-0.0511;-2.047;-25.5;0;0,WheelDirection:0;0;0;0,selfAngleOffset:0,selfAngleOffsetPit:0,currCaliAngleHrz:0,currCaliAnglePit:0,selfCaliAngleHrz:0,selfCaliAnglePit:0,servCaliAngleHrz:0,servCaliAnglePit:0,offlineCaliAngleHrz:0,offlineCaliAnglePit:0,determine2useFlag:0,IMU_Z_Accel:0,IMU_X_AngularRate:0,IMU_Y_AngularRate:0,IMU_RollAngle:0,IMU_PitchAngle:0,IMU_YawAngle:0,FcwID:0,FCWWarningLevel:0,FCWTTC:0
16,16.56,0,17.84,0,0,0,0,0,-5.0745,15.7625,-0.125,0,-17.9,0,0,0,0,0.0572958,0,0,0,0,96,0,0,0,0,0,0,58,0,0.00034,0.00034,0,0,0,0,0,0.8,0,0,0,0,0,0,1,0,0,0,0,0,0,0,0,30,0,,0,0,0,0,
20,6.92,0,-22.3,0,0,0,0,0,2.6255,6.4,0,0,4.9,0,0,0,0,0.0572958,0,0,0,0,92,0,0,0,0,0,0,58,0,0.00034,0.00034,0,0,0,0,0,1,0,0,0,0,0,0,1,0,0,0,0,0,0,0,0,99,0,,0,0,0,0,
21,9.22,0,-24.09,0,0,0,0,0,3.763,8.4125,-0.125,0,5.3,0,0,0,0,0.0572958,0,0,0,0,96,0,0,0,0,0,0,58,0,0.00034,0.00034,0,0,0,0,0,1,0,0,0,0,0,0,1,0,0,0,0,0,0,0,0,99,0,,0,0,0,0,
23,6.05,0,-1.66,0,0,0,0,0,0.1755,6.05,0,0,-6.3,0,0,0,0,0.0572958,0,0,0,0,98,0,0,0,0,0,0,58,0,0.00034,0.00034,0,0,0,0,0,2,0,0,0,0,0,0,1,0,0,0,0,0,0,0,0,98,0,,0,0,0,0,
30,10.63,0,-49.96,0,0,0,0,0,8.138,6.8375,0,0,22.5,0,0,0,0,0.0572958,0,0,0,0,65,0,0,0,0,0,0,58,0,0.00034,0.00034,0,0,0,0,0,1,0,0,0,0,0,0,1,0,0,0,0,0,0,0,0,90,0,,0,0,0,0,
76,6.32,0,13.61,0,0,0,0,0,-1.487,6.1375,0,0,5.7,0,0,0,0,0.0572958,0,0,0,0,98,0,0,0,0,0,0,58,0,0.00034,0.00034,0,0,0,0,0,6.2,0,0,0,0,0,0,1,0,0,0,0,0,0,0,0,98,0,,0,0,0,0,
115,11.42,0,11.04,0,0,0,0,0,-2.187,11.2125,0,0,-16.1,0,0,0,0,0.0572958,0,0,0,0,65,0,0,0,0,0,0,58,0,0.00034,0.00034,0,0,0,0,0,0.8,0,0,0,0,0,0,1,0,0,0,0,0,0,0,0,99,0,,0,0,0,0,
END,Total:7
START,FrameNb:199,CameraNb:0,HeSaiNb:0,ARS410Nb:0
2026/08/02 16:23:59:310---->
heightOffset:0,1785659039310,1328971,selfCaliBufCnt:0,selfAccObjCnt:0,selfAccAngle:0,installHAngleOffset:0,Interpolation:0,installVAngleOffset:0,radarOffsetH:0,radarOffsetV:0.32,Polynom:-0.001023;-0.0511;-2.047;0;0;0;-0.001023;-0.0511;-2.047;-25.5;0;0,WheelDirection:0;0;0;0,selfAngleOffset:0,selfAngleOffsetPit:0,currCaliAngleHrz:0,currCaliAnglePit:0,selfCaliAngleHrz:0,selfCaliAnglePit:0,servCaliAngleHrz:0,servCaliAnglePit:0,offlineCaliAngleHrz:0,offlineCaliAnglePit:0,determine2useFlag:0,IMU_Z_Accel:0,IMU_X_AngularRate:0,IMU_Y_AngularRate:0,IMU_RollAngle:0,IMU_PitchAngle:0,IMU_YawAngle:0,FcwID:0,FCWWarningLevel:0,FCWTTC:0
16,16.56,0,17.84,0,0,0,0,0,-5.0745,15.7625,-0.125,0,-17.7,0,0,0,0,0.0572958,0,0,0,0,96,0,0,0,0,0,0,58,0,0.00034,0.00034,0,0,0,0,0,0.8,0,0,0,0,0,0,1,0,0,0,0,0,0,0,0,30,0,,0,0,0,0,
20,6.92,0,-22.3,0,0,0,0,0,2.6255,6.4,0,0,4.9,0,0,0,0,0.0572958,0,0,0,0,93,0,0,0,0,0,0,58,0,0.00034,0.00034,0,0,0,0,0,1,0,0,0,0,0,0,1,0,0,0,0,0,0,0,0,99,0,,0,0,0,0,
21,9.22,0,-24.09,0,0,0,0,0,3.763,8.4125,-0.125,0,5.3,0,0,0,0,0.0572958,0,0,0,0,96,0,0,0,0,0,0,58,0,0.00034,0.00034,0,0,0,0,0,1,0,0,0,0,0,0,1,0,0,0,0,0,0,0,0,99,0,,0,0,0,0,
23,6.05,0,-1.66,0,0,0,0,0,0.1755,6.05,0,0,-6.3,0,0,0,0,0.0572958,0,0,0,0,98,0,0,0,0,0,0,58,0,0.00034,0.00034,0,0,0,0,0,2,0,0,0,0,0,0,1,0,0,0,0,0,0,0,0,98,0,,0,0,0,0,
30,10.63,0,-49.96,0,0,0,0,0,8.138,6.8375,0,0,22.9,0,0,0,0,0.0572958,0,0,0,0,65,0,0,0,0,0,0,58,0,0.00034,0.00034,0,0,0,0,0,1,0,0,0,0,0,0,1,0,0,0,0,0,0,0,0,92,0,,0,0,0,0,
76,6.32,0,13.61,0,0,0,0,0,-1.487,6.1375,-0.125,0,5.7,0,0,0,0,0.0572958,0,0,0,0,98,0,0,0,0,0,0,58,0,0.00034,0.00034,0,0,0,0,0,6.2,0,0,0,0,0,0,1,0,0,0,0,0,0,0,0,98,0,,0,0,0,0,
115,11.42,0,11.04,0,0,0,0,0,-2.187,11.2125,0,0,-16.1,0,0,0,0,0.0572958,0,0,0,0,65,0,0,0,0,0,0,58,0,0.00034,0.00034,0,0,0,0,0,0.8,0,0,0,0,0,0,1,0,0,0,0,0,0,0,0,99,0,,0,0,0,0,
END,Total:7
START,FrameNb:200,CameraNb:0,HeSaiNb:0,ARS410Nb:0
2026/08/02 16:23:59:341---->
heightOffset:0,1785659039341,1329022,selfCaliBufCnt:0,selfAccObjCnt:0,selfAccAngle:0,installHAngleOffset:0,Interpolation:0,installVAngleOffset:0,radarOffsetH:0,radarOffsetV:0.32,Polynom:-0.001023;-0.0511;-2.047;0;0;0;-0.001023;-0.0511;-2.047;-25.5;0;0,WheelDirection:0;0;0;0,selfAngleOffset:0,selfAngleOffsetPit:0,currCaliAngleHrz:0,currCaliAnglePit:0,selfCaliAngleHrz:0,selfCaliAnglePit:0,servCaliAngleHrz:0,servCaliAnglePit:0,offlineCaliAngleHrz:0,offlineCaliAnglePit:0,determine2useFlag:0,IMU_Z_Accel:0,IMU_X_AngularRate:0,IMU_Y_AngularRate:0,IMU_RollAngle:0,IMU_PitchAngle:0,IMU_YawAngle:0,FcwID:0,FCWWarningLevel:0,FCWTTC:0
16,16.56,0,17.84,0,0,0,0,0,-5.0745,15.7625,-0.125,0,-17.7,0,0,0,0,0.0572958,0,0,0,0,96,0,0,0,0,0,0,54,0,0.00034,0.00034,0,0,0,0,0,0.8,0,0,0,0,0,0,1,0,0,0,0,0,0,0,0,30,0,,0,0,0,0,
20,6.92,0,-22.3,0,0,0,0,0,2.6255,6.4,0,0,4.9,0,0,0,0,0.0572958,0,0,0,0,93,0,0,0,0,0,0,54,0,0.00034,0.00034,0,0,0,0,0,1,0,0,0,0,0,0,1,0,0,0,0,0,0,0,0,99,0,,0,0,0,0,
21,9.22,0,-24.09,0,0,0,0,0,3.763,8.4125,-0.125,0,5.3,0,0,0,0,0.0572958,0,0,0,0,96,0,0,0,0,0,0,54,0,0.00034,0.00034,0,0,0,0,0,1,0,0,0,0,0,0,1,0,0,0,0,0,0,0,0,99,0,,0,0,0,0,
23,6.05,0,-1.66,0,0,0,0,0,0.1755,6.05,0,0,-6.3,0,0,0,0,0.0572958,0,0,0,0,98,0,0,0,0,0,0,54,0,0.00034,0.00034,0,0,0,0,0,2,0,0,0,0,0,0,1,0,0,0,0,0,0,0,0,98,0,,0,0,0,0,
30,10.63,0,-49.96,0,0,0,0,0,8.138,6.8375,0,0,22.7,0,0,0,0,0.0572958,0,0,0,0,65,0,0,0,0,0,0,54,0,0.00034,0.00034,0,0,0,0,0,1,0,0,0,0,0,0,1,0,0,0,0,0,0,0,0,94,0,,0,0,0,0,
76,6.32,0,13.61,0,0,0,0,0,-1.487,6.1375,0,0,5.7,0,0,0,0,0.0572958,0,0,0,0,98,0,0,0,0,0,0,54,0,0.00034,0.00034,0,0,0,0,0,6.2,0,0,0,0,0,0,1,0,0,0,0,0,0,0,0,98,0,,0,0,0,0,
115,11.42,0,11.04,0,0,0,0,0,-2.187,11.2125,0,0,-16.1,0,0,0,0,0.0572958,0,0,0,0,65,0,0,0,0,0,0,54,0,0.00034,0.00034,0,0,0,0,0,0.8,0,0,0,0,0,0,1,0,0,0,0,0,0,0,0,99,0,,0,0,0,0,
END,Total:7
START,FrameNb:201,CameraNb:0,HeSaiNb:0,ARS410Nb:0
2026/08/02 16:23:59:391---->
heightOffset:0,1785659039391,1329071,selfCaliBufCnt:0,selfAccObjCnt:0,selfAccAngle:0,installHAngleOffset:0,Interpolation:0,installVAngleOffset:0,radarOffsetH:0,radarOffsetV:0.32,Polynom:-0.001023;-0.0511;-2.047;0;0;0;-0.001023;-0.0511;-2.047;-25.5;0;0,WheelDirection:0;0;0;0,selfAngleOffset:0,selfAngleOffsetPit:0,currCaliAngleHrz:0,currCaliAnglePit:0,selfCaliAngleHrz:0,selfCaliAnglePit:0,servCaliAngleHrz:0,servCaliAnglePit:0,offlineCaliAngleHrz:0,offlineCaliAnglePit:0,determine2useFlag:0,IMU_Z_Accel:0,IMU_X_AngularRate:0,IMU_Y_AngularRate:0,IMU_RollAngle:0,IMU_PitchAngle:0,IMU_YawAngle:0,FcwID:0,FCWWarningLevel:0,FCWTTC:0
16,16.56,0,17.84,0,0,0,0,0,-5.0745,15.7625,-0.125,0,-17.7,0,0,0,0,0.0572958,0,0,0,0,96,0,0,0,0,0,0,57,0,0.00034,0.00034,0,0,0,0,0,0.8,0,0,0,0,0,0,1,0,0,0,0,0,0,0,0,30,0,,0,0,0,0,
20,6.92,0,-22.3,0,0,0,0,0,2.6255,6.4,0,0,4.9,0,0,0,0,0.0572958,0,0,0,0,93,0,0,0,0,0,0,57,0,0.00034,0.00034,0,0,0,0,0,1,0,0,0,0,0,0,1,0,0,0,0,0,0,0,0,99,0,,0,0,0,0,
21,9.22,0,-24.09,0,0,0,0,0,3.763,8.4125,-0.125,0,5.1,0,0,0,0,0.0572958,0,0,0,0,96,0,0,0,0,0,0,57,0,0.00034,0.00034,0,0,0,0,0,1,0,0,0,0,0,0,1,0,0,0,0,0,0,0,0,99,0,,0,0,0,0,
23,6.05,0,-1.66,0,0,0,0,0,0.1755,6.05,0,0,-6.3,0,0,0,0,0.0572958,0,0,0,0,98,0,0,0,0,0,0,57,0,0.00034,0.00034,0,0,0,0,0,2,0,0,0,0,0,0,1,0,0,0,0,0,0,0,0,98,0,,0,0,0,0,
30,10.56,0,-49.67,0,0,0,0,0,8.0505,6.8375,0,0,22.7,0,0,0,0,0.0572958,0,0,0,0,65,0,0,0,0,0,0,57,0,0.00034,0.00034,0,0,0,0,0,0.8,0,0,0,0,0,0,1,0,0,0,0,0,0,0,0,95,0,,0,0,0,0,
76,6.32,0,13.61,0,0,0,0,0,-1.487,6.1375,-0.125,0,5.7,0,0,0,0,0.0572958,0,0,0,0,98,0,0,0,0,0,0,57,0,0.00034,0.00034,0,0,0,0,0,6.2,0,0,0,0,0,0,1,0,0,0,0,0,0,0,0,98,0,,0,0,0,0,
115,11.42,0,11.04,0,0,0,0,0,-2.187,11.2125,0,0,-16.1,0,0,0,0,0.0572958,0,0,0,0,65,0,0,0,0,0,0,57,0,0.00034,0.00034,0,0,0,0,0,1,0,0,0,0,0,0,1,0,0,0,0,0,0,0,0,99,0,,0,0,0,0,
END,Total:7
START,FrameNb:202,CameraNb:0,HeSaiNb:0,ARS410Nb:0
2026/08/02 16:23:59:430---->
heightOffset:0,1785659039430,1329121,selfCaliBufCnt:0,selfAccObjCnt:0,selfAccAngle:0,installHAngleOffset:0,Interpolation:0,installVAngleOffset:0,radarOffsetH:0,radarOffsetV:0.32,Polynom:-0.001023;-0.0511;-2.047;0;0;0;-0.001023;-0.0511;-2.047;-25.5;0;0,WheelDirection:0;0;0;0,selfAngleOffset:0,selfAngleOffsetPit:0,currCaliAngleHrz:0,currCaliAnglePit:0,selfCaliAngleHrz:0,selfCaliAnglePit:0,servCaliAngleHrz:0,servCaliAnglePit:0,offlineCaliAngleHrz:0,offlineCaliAnglePit:0,determine2useFlag:0,IMU_Z_Accel:0,IMU_X_AngularRate:0,IMU_Y_AngularRate:0,IMU_RollAngle:0,IMU_PitchAngle:0,IMU_YawAngle:0,FcwID:0,FCWWarningLevel:0,FCWTTC:0
16,16.56,0,17.84,0,0,0,0,0,-5.0745,15.7625,-0.125,0,-17.7,0,0,0,0,0.0572958,0,0,0,0,96,0,0,0,0,0,0,54,0,0.00034,0.00034,0,0,0,0,0,0.8,0,0,0,0,0,0,1,0,0,0,0,0,0,0,0,30,0,,0,0,0,0,
20,6.92,0,-22.3,0,0,0,0,0,2.6255,6.4,0,0,4.9,0,0,0,0,0.0572958,0,0,0,0,93,0,0,0,0,0,0,54,0,0.00034,0.00034,0,0,0,0,0,1,0,0,0,0,0,0,1,0,0,0,0,0,0,0,0,99,0,,0,0,0,0,
21,9.22,0,-24.09,0,0,0,0,0,3.763,8.4125,-0.125,0,5.1,0,0,0,0,0.0572958,0,0,0,0,96,0,0,0,0,0,0,54,0,0.00034,0.00034,0,0,0,0,0,1,0,0,0,0,0,0,1,0,0,0,0,0,0,0,0,99,0,,0,0,0,0,
23,6.05,0,-1.66,0,0,0,0,0,0.1755,6.05,0,0,-6.3,0,0,0,0,0.0572958,0,0,0,0,98,0,0,0,0,0,0,54,0,0.00034,0.00034,0,0,0,0,0,2,0,0,0,0,0,0,1,0,0,0,0,0,0,0,0,98,0,,0,0,0,0,
30,10.63,0,-49.96,0,0,0,0,0,8.138,6.8375,0,0,22.9,0,0,0,0,0.0572958,0,0,0,0,65,0,0,0,0,0,0,54,0,0.00034,0.00034,0,0,0,0,0,0.8,0,0,0,0,0,0,1,0,0,0,0,0,0,0,0,95,0,,0,0,0,0,
76,6.32,0,13.61,0,0,0,0,0,-1.487,6.1375,0,0,5.7,0,0,0,0,0.0572958,0,0,0,0,98,0,0,0,0,0,0,54,0,0.00034,0.00034,0,0,0,0,0,6.2,0,0,0,0,0,0,1,0,0,0,0,0,0,0,0,98,0,,0,0,0,0,
115,11.42,0,11.04,0,0,0,0,0,-2.187,11.2125,0,0,-16.1,0,0,0,0,0.0572958,0,0,0,0,65,0,0,0,0,0,0,54,0,0.00034,0.00034,0,0,0,0,0,1,0,0,0,0,0,0,1,0,0,0,0,0,0,0,0,99,0,,0,0,0,0,
END,Total:7
START,FrameNb:203,CameraNb:0,HeSaiNb:0,ARS410Nb:0
2026/08/02 16:23:59:492---->
heightOffset:0,1785659039492,1329171,selfCaliBufCnt:0,selfAccObjCnt:0,selfAccAngle:0,installHAngleOffset:0,Interpolation:0,installVAngleOffset:0,radarOffsetH:0,radarOffsetV:0.32,Polynom:-0.001023;-0.0511;-2.047;0;0;0;-0.001023;-0.0511;-2.047;-25.5;0;0,WheelDirection:0;0;0;0,selfAngleOffset:0,selfAngleOffsetPit:0,currCaliAngleHrz:0,currCaliAnglePit:0,selfCaliAngleHrz:0,selfCaliAnglePit:0,servCaliAngleHrz:0,servCaliAnglePit:0,offlineCaliAngleHrz:0,offlineCaliAnglePit:0,determine2useFlag:0,IMU_Z_Accel:0,IMU_X_AngularRate:0,IMU_Y_AngularRate:0,IMU_RollAngle:0,IMU_PitchAngle:0,IMU_YawAngle:0,FcwID:0,FCWWarningLevel:0,FCWTTC:0
16,16.56,0,17.84,0,0,0,0,0,-5.0745,15.7625,-0.125,0,-17.7,0,0,0,0,0.0572958,0,0,0,0,96,0,0,0,0,0,0,61,0,0.00034,0.00034,0,0,0,0,0,0.8,0,0,0,0,0,0,1,0,0,0,0,0,0,0,0,30,0,,0,0,0,0,
20,6.92,0,-22.3,0,0,0,0,0,2.6255,6.4,0,0,4.9,0,0,0,0,0.0572958,0,0,0,0,93,0,0,0,0,0,0,61,0,0.00034,0.00034,0,0,0,0,0,0.8,0,0,0,0,0,0,1,0,0,0,0,0,0,0,0,99,0,,0,0,0,0,
21,9.22,0,-24.09,0,0,0,0,0,3.763,8.4125,-0.125,0,5.1,0,0,0,0,0.0572958,0,0,0,0,96,0,0,0,0,0,0,61,0,0.00034,0.00034,0,0,0,0,0,1,0,0,0,0,0,0,1,0,0,0,0,0,0,0,0,99,0,,0,0,0,0,
23,6.05,0,-1.66,0,0,0,0,0,0.1755,6.05,0,0,-6.3,0,0,0,0,0.0572958,0,0,0,0,98,0,0,0,0,0,0,61,0,0.00034,0.00034,0,0,0,0,0,2,0,0,0,0,0,0,1,0,0,0,0,0,0,0,0,98,0,,0,0,0,0,
30,10.56,0,-49.67,0,0,0,0,0,8.0505,6.8375,0,0,22.7,0,0,0,0,0.0572958,0,0,0,0,65,0,0,0,0,0,0,61,0,0.00034,0.00034,0,0,0,0,0,0.8,0,0,0,0,0,0,1,0,0,0,0,0,0,0,0,96,0,,0,0,0,0,
76,6.32,0,13.61,0,0,0,0,0,-1.487,6.1375,-0.125,0,5.7,0,0,0,0,0.0572958,0,0,0,0,98,0,0,0,0,0,0,61,0,0.00034,0.00034,0,0,0,0,0,6.2,0,0,0,0,0,0,1,0,0,0,0,0,0,0,0,98,0,,0,0,0,0,
115,11.42,0,11.04,0,0,0,0,0,-2.187,11.2125,0,0,-16.1,0,0,0,0,0.0572958,0,0,0,0,65,0,0,0,0,0,0,61,0,0.00034,0.00034,0,0,0,0,0,1.2,0,0,0,0,0,0,1,0,0,0,0,0,0,0,0,99,0,,0,0,0,0,
END,Total:7
START,FrameNb:204,CameraNb:0,HeSaiNb:0,ARS410Nb:0
2026/08/02 16:23:59:556---->
heightOffset:0,1785659039556,1329221,selfCaliBufCnt:0,selfAccObjCnt:0,selfAccAngle:0,installHAngleOffset:0,Interpolation:0,installVAngleOffset:0,radarOffsetH:0,radarOffsetV:0.32,Polynom:-0.001023;-0.0511;-2.047;0;0;0;-0.001023;-0.0511;-2.047;-25.5;0;0,WheelDirection:0;0;0;0,selfAngleOffset:0,selfAngleOffsetPit:0,currCaliAngleHrz:0,currCaliAnglePit:0,selfCaliAngleHrz:0,selfCaliAnglePit:0,servCaliAngleHrz:0,servCaliAnglePit:0,offlineCaliAngleHrz:0,offlineCaliAnglePit:0,determine2useFlag:0,IMU_Z_Accel:0,IMU_X_AngularRate:0,IMU_Y_AngularRate:0,IMU_RollAngle:0,IMU_PitchAngle:0,IMU_YawAngle:0,FcwID:0,FCWWarningLevel:0,FCWTTC:0
16,16.56,0,17.84,0,0,0,0,0,-5.0745,15.7625,-0.125,0,-17.7,0,0,0,0,0.0572958,0,0,0,0,96,0,0,0,0,0,0,60,0,0.00034,0.00034,0,0,0,0,0,0.8,0,0,0,0,0,0,1,0,0,0,0,0,0,0,0,30,0,,0,0,0,0,
20,6.92,0,-22.3,0,0,0,0,0,2.6255,6.4,0,0,4.9,0,0,0,0,0.0572958,0,0,0,0,94,0,0,0,0,0,0,60,0,0.00034,0.00034,0,0,0,0,0,0.8,0,0,0,0,0,0,1,0,0,0,0,0,0,0,0,99,0,,0,0,0,0,
21,9.22,0,-24.09,0,0,0,0,0,3.763,8.4125,-0.125,0,5.1,0,0,0,0,0.0572958,0,0,0,0,96,0,0,0,0,0,0,60,0,0.00034,0.00034,0,0,0,0,0,1,0,0,0,0,0,0,1,0,0,0,0,0,0,0,0,99,0,,0,0,0,0,
23,6.05,0,-1.66,0,0,0,0,0,0.1755,6.05,0,0,-6.3,0,0,0,0,0.0572958,0,0,0,0,98,0,0,0,0,0,0,60,0,0.00034,0.00034,0,0,0,0,0,2,0,0,0,0,0,0,1,0,0,0,0,0,0,0,0,98,0,,0,0,0,0,
30,10.63,0,-49.96,0,0,0,0,0,8.138,6.8375,0,0,22.9,0,0,0,0,0.0572958,0,0,0,0,65,0,0,0,0,0,0,60,0,0.00034,0.00034,0,0,0,0,0,0.8,0,0,0,0,0,0,1,0,0,0,0,0,0,0,0,97,0,,0,0,0,0,
76,6.32,0,13.61,0,0,0,0,0,-1.487,6.1375,0,0,5.7,0,0,0,0,0.0572958,0,0,0,0,98,0,0,0,0,0,0,60,0,0.00034,0.00034,0,0,0,0,0,6.2,0,0,0,0,0,0,1,0,0,0,0,0,0,0,0,98,0,,0,0,0,0,
115,11.42,0,11.04,0,0,0,0,0,-2.187,11.2125,0,0,-16.1,0,0,0,0,0.0572958,0,0,0,0,65,0,0,0,0,0,0,60,0,0.00034,0.00034,0,0,0,0,0,1.2,0,0,0,0,0,0,1,0,0,0,0,0,0,0,0,99,0,,0,0,0,0,
END,Total:7
START,FrameNb:205,CameraNb:0,HeSaiNb:0,ARS410Nb:0
2026/08/02 16:23:59:588---->
heightOffset:0,1785659039588,1329271,selfCaliBufCnt:0,selfAccObjCnt:0,selfAccAngle:0,installHAngleOffset:0,Interpolation:0,installVAngleOffset:0,radarOffsetH:0,radarOffsetV:0.32,Polynom:-0.001023;-0.0511;-2.047;0;0;0;-0.001023;-0.0511;-2.047;-25.5;0;0,WheelDirection:0;0;0;0,selfAngleOffset:0,selfAngleOffsetPit:0,currCaliAngleHrz:0,currCaliAnglePit:0,selfCaliAngleHrz:0,selfCaliAnglePit:0,servCaliAngleHrz:0,servCaliAnglePit:0,offlineCaliAngleHrz:0,offlineCaliAnglePit:0,determine2useFlag:0,IMU_Z_Accel:0,IMU_X_AngularRate:0,IMU_Y_AngularRate:0,IMU_RollAngle:0,IMU_PitchAngle:0,IMU_YawAngle:0,FcwID:0,FCWWarningLevel:0,FCWTTC:0
16,16.56,0,17.84,0,0,0,0,0,-5.0745,15.7625,-0.125,0,-17.7,0,0,0,0,0.0572958,0,0,0,0,96,0,0,0,0,0,0,59,0,0.00034,0.00034,0,0,0,0,0,0.8,0,0,0,0,0,0,1,0,0,0,0,0,0,0,0,30,0,,0,0,0,0,
20,6.92,0,-22.3,0,0,0,0,0,2.6255,6.4,0,0,4.9,0,0,0,0,0.0572958,0,0,0,0,94,0,0,0,0,0,0,59,0,0.00034,0.00034,0,0,0,0,0,0.8,0,0,0,0,0,0,1,0,0,0,0,0,0,0,0,99,0,,0,0,0,0,
21,9.22,0,-24.09,0,0,0,0,0,3.763,8.4125,-0.125,0,5.1,0,0,0,0,0.0572958,0,0,0,0,96,0,0,0,0,0,0,59,0,0.00034,0.00034,0,0,0,0,0,1,0,0,0,0,0,0,1,0,0,0,0,0,0,0,0,99,0,,0,0,0,0,
23,6.05,0,-1.66,0,0,0,0,0,0.1755,6.05,0,0,-6.3,0,0,0,0,0.0572958,0,0,0,0,98,0,0,0,0,0,0,59,0,0.00034,0.00034,0,0,0,0,0,2,0,0,0,0,0,0,1,0,0,0,0,0,0,0,0,98,0,,0,0,0,0,
30,10.56,-0.08,-49.67,0,0,0,0,0,8.0505,6.8375,0,-0.125,22.9,0,0,0,0,0.0572958,0,0,0,0,65,0,0,0,0,0,0,59,0,0.00034,0.00034,0,0,0,0,0,0.8,0,0,0,0,0,0,1,0,0,0,0,0,0,0,0,97,0,,0,0,0,0,
76,6.32,0,13.61,0,0,0,0,0,-1.487,6.1375,0,0,5.7,0,0,0,0,0.0572958,0,0,0,0,98,0,0,0,0,0,0,59,0,0.00034,0.00034,0,0,0,0,0,6.2,0,0,0,0,0,0,1,0,0,0,0,0,0,0,0,98,0,,0,0,0,0,
115,11.42,0,11.04,0,0,0,0,0,-2.187,11.2125,0,0,-16.1,0,0,0,0,0.0572958,0,0,0,0,65,0,0,0,0,0,0,59,0,0.00034,0.00034,0,0,0,0,0,1.2,0,0,0,0,0,0,1,0,0,0,0,0,0,0,0,99,0,,0,0,0,0,
END,Total:7
START,FrameNb:206,CameraNb:0,HeSaiNb:0,ARS410Nb:0
2026/08/02 16:23:59:641---->
heightOffset:0,1785659039641,1329322,selfCaliBufCnt:0,selfAccObjCnt:0,selfAccAngle:0,installHAngleOffset:0,Interpolation:0,installVAngleOffset:0,radarOffsetH:0,radarOffsetV:0.32,Polynom:-0.001023;-0.0511;-2.047;0;0;0;-0.001023;-0.0511;-2.047;-25.5;0;0,WheelDirection:0;0;0;0,selfAngleOffset:0,selfAngleOffsetPit:0,currCaliAngleHrz:0,currCaliAnglePit:0,selfCaliAngleHrz:0,selfCaliAnglePit:0,servCaliAngleHrz:0,servCaliAnglePit:0,offlineCaliAngleHrz:0,offlineCaliAnglePit:0,determine2useFlag:0,IMU_Z_Accel:0,IMU_X_AngularRate:0,IMU_Y_AngularRate:0,IMU_RollAngle:0,IMU_PitchAngle:0,IMU_YawAngle:0,FcwID:0,FCWWarningLevel:0,FCWTTC:0
16,16.56,0,17.84,0,0,0,0,0,-5.0745,15.7625,-0.125,0,-17.7,0,0,0,0,0.0572958,0,0,0,0,96,0,0,0,0,0,0,53,0,0.00034,0.00034,0,0,0,0,0,0.8,0,0,0,0,0,0,1,0,0,0,0,0,0,0,0,30,0,,0,0,0,0,
20,6.92,0,-22.3,0,0,0,0,0,2.6255,6.4,0,0,4.9,0,0,0,0,0.0572958,0,0,0,0,94,0,0,0,0,0,0,53,0,0.00034,0.00034,0,0,0,0,0,0.8,0,0,0,0,0,0,1,0,0,0,0,0,0,0,0,99,0,,0,0,0,0,
21,9.22,0,-24.09,0,0,0,0,0,3.763,8.4125,-0.125,0,5.1,0,0,0,0,0.0572958,0,0,0,0,96,0,0,0,0,0,0,53,0,0.00034,0.00034,0,0,0,0,0,1,0,0,0,0,0,0,1,0,0,0,0,0,0,0,0,99,0,,0,0,0,0,
23,6.05,0,-1.66,0,0,0,0,0,0.1755,6.05,0,0,-6.3,0,0,0,0,0.0572958,0,0,0,0,98,0,0,0,0,0,0,53,0,0.00034,0.00034,0,0,0,0,0,2,0,0,0,0,0,0,1,0,0,0,0,0,0,0,0,98,0,,0,0,0,0,
30,10.56,-0.08,-49.67,0,0,0,0,0,8.0505,6.8375,0,-0.125,22.9,0,0,0,0,0.0572958,0,0,0,0,65,0,0,0,0,0,0,53,0,0.00034,0.00034,0,0,0,0,0,0.8,0,0,0,0,0,0,1,0,0,0,0,0,0,0,0,97,0,,0,0,0,0,
76,6.32,0,13.61,0,0,0,0,0,-1.487,6.1375,0,0,5.7,0,0,0,0,0.0572958,0,0,0,0,98,0,0,0,0,0,0,53,0,0.00034,0.00034,0,0,0,0,0,6.2,0,0,0,0,0,0,1,0,0,0,0,0,0,0,0,98,0,,0,0,0,0,
115,11.42,0,11.04,0,0,0,0,0,-2.187,11.2125,0,0,-16.1,0,0,0,0,0.0572958,0,0,0,0,65,0,0,0,0,0,0,53,0,0.00034,0.00034,0,0,0,0,0,1.2,0,0,0,0,0,0,1,0,0,0,0,0,0,0,0,99,0,,0,0,0,0,
END,Total:7
START,FrameNb:207,CameraNb:0,HeSaiNb:0,ARS410Nb:0
2026/08/02 16:23:59:681---->
heightOffset:0,1785659039681,1329372,selfCaliBufCnt:0,selfAccObjCnt:0,selfAccAngle:0,installHAngleOffset:0,Interpolation:0,installVAngleOffset:0,radarOffsetH:0,radarOffsetV:0.32,Polynom:-0.001023;-0.0511;-2.047;0;0;0;-0.001023;-0.0511;-2.047;-25.5;0;0,WheelDirection:0;0;0;0,selfAngleOffset:0,selfAngleOffsetPit:0,currCaliAngleHrz:0,currCaliAnglePit:0,selfCaliAngleHrz:0,selfCaliAnglePit:0,servCaliAngleHrz:0,servCaliAnglePit:0,offlineCaliAngleHrz:0,offlineCaliAnglePit:0,determine2useFlag:0,IMU_Z_Accel:0,IMU_X_AngularRate:0,IMU_Y_AngularRate:0,IMU_RollAngle:0,IMU_PitchAngle:0,IMU_YawAngle:0,FcwID:0,FCWWarningLevel:0,FCWTTC:0
16,16.56,0,17.84,0,0,0,0,0,-5.0745,15.7625,-0.125,0,-17.7,0,0,0,0,0.0572958,0,0,0,0,96,0,0,0,0,0,0,53,0,0.00034,0.00034,0,0,0,0,0,0.8,0,0,0,0,0,0,1,0,0,0,0,0,0,0,0,30,0,,0,0,0,0,
20,6.92,0,-22.3,0,0,0,0,0,2.6255,6.4,0,0,4.9,0,0,0,0,0.0572958,0,0,0,0,94,0,0,0,0,0,0,53,0,0.00034,0.00034,0,0,0,0,0,0.8,0,0,0,0,0,0,1,0,0,0,0,0,0,0,0,99,0,,0,0,0,0,
21,9.22,0,-24.09,0,0,0,0,0,3.763,8.4125,-0.125,0,4.9,0,0,0,0,0.0572958,0,0,0,0,96,0,0,0,0,0,0,53,0,0.00034,0.00034,0,0,0,0,0,1,0,0,0,0,0,0,1,0,0,0,0,0,0,0,0,99,0,,0,0,0,0,
23,6.05,0,-1.66,0,0,0,0,0,0.1755,6.05,0,0,-6.3,0,0,0,0,0.0572958,0,0,0,0,98,0,0,0,0,0,0,53,0,0.00034,0.00034,0,0,0,0,0,2,0,0,0,0,0,0,1,0,0,0,0,0,0,0,0,98,0,,0,0,0,0,
30,10.56,-0.08,-49.67,0,0,0,0,0,8.0505,6.8375,0,-0.125,22.7,0,0,0,0,0.0572958,0,0,0,0,65,0,0,0,0,0,0,53,0,0.00034,0.00034,0,0,0,0,0,0.8,0,0,0,0,0,0,1,0,0,0,0,0,0,0,0,98,0,,0,0,0,0,
76,6.32,0,13.61,0,0,0,0,0,-1.487,6.1375,0,0,5.7,0,0,0,0,0.0572958,0,0,0,0,98,0,0,0,0,0,0,53,0,0.00034,0.00034,0,0,0,0,0,6.2,0,0,0,0,0,0,1,0,0,0,0,0,0,0,0,98,0,,0,0,0,0,
115,11.42,0,11.04,0,0,0,0,0,-2.187,11.2125,0,0,-16.1,0,0,0,0,0.0572958,0,0,0,0,65,0,0,0,0,0,0,53,0,0.00034,0.00034,0,0,0,0,0,1.2,0,0,0,0,0,0,1,0,0,0,0,0,0,0,0,99,0,,0,0,0,0,
END,Total:7
START,FrameNb:208,CameraNb:0,HeSaiNb:0,ARS410Nb:0
2026/08/02 16:23:59:743---->
heightOffset:0,1785659039743,1329422,selfCaliBufCnt:0,selfAccObjCnt:0,selfAccAngle:0,installHAngleOffset:0,Interpolation:0,installVAngleOffset:0,radarOffsetH:0,radarOffsetV:0.32,Polynom:-0.001023;-0.0511;-2.047;0;0;0;-0.001023;-0.0511;-2.047;-25.5;0;0,WheelDirection:0;0;0;0,selfAngleOffset:0,selfAngleOffsetPit:0,currCaliAngleHrz:0,currCaliAnglePit:0,selfCaliAngleHrz:0,selfCaliAnglePit:0,servCaliAngleHrz:0,servCaliAnglePit:0,offlineCaliAngleHrz:0,offlineCaliAnglePit:0,determine2useFlag:0,IMU_Z_Accel:0,IMU_X_AngularRate:0,IMU_Y_AngularRate:0,IMU_RollAngle:0,IMU_PitchAngle:0,IMU_YawAngle:0,FcwID:0,FCWWarningLevel:0,FCWTTC:0
16,16.56,0,17.84,0,0,0,0,0,-5.0745,15.7625,0,0,-17.7,0,0,0,0,0.0572958,0,0,0,0,96,0,0,0,0,0,0,58,0,0.00034,0.00034,0,0,0,0,0,0.8,0,0,0,0,0,0,1,0,0,0,0,0,0,0,0,30,0,,0,0,0,0,
20,6.92,0,-22.3,0,0,0,0,0,2.6255,6.4,0,0,4.9,0,0,0,0,0.0572958,0,0,0,0,94,0,0,0,0,0,0,58,0,0.00034,0.00034,0,0,0,0,0,0.8,0,0,0,0,0,0,1,0,0,0,0,0,0,0,0,99,0,,0,0,0,0,
21,9.22,0,-24.09,0,0,0,0,0,3.763,8.4125,-0.125,0,4.9,0,0,0,0,0.0572958,0,0,0,0,96,0,0,0,0,0,0,58,0,0.00034,0.00034,0,0,0,0,0,0.8,0,0,0,0,0,0,1,0,0,0,0,0,0,0,0,99,0,,0,0,0,0,
23,6.05,0,-1.66,0,0,0,0,0,0.1755,6.05,0,0,-6.3,0,0,0,0,0.0572958,0,0,0,0,98,0,0,0,0,0,0,58,0,0.00034,0.00034,0,0,0,0,0,1.6,0,0,0,0,0,0,1,0,0,0,0,0,0,0,0,98,0,,0,0,0,0,
30,10.56,-0.08,-49.67,0,0,0,0,0,8.0505,6.8375,0,-0.125,22.5,0,0,0,0,0.0572958,0,0,0,0,65,0,0,0,0,0,0,58,0,0.00034,0.00034,0,0,0,0,0,0.8,0,0,0,0,0,0,1,0,0,0,0,0,0,0,0,98,0,,0,0,0,0,
76,6.32,0,13.61,0,0,0,0,0,-1.487,6.1375,0,0,5.7,0,0,0,0,0.0572958,0,0,0,0,98,0,0,0,0,0,0,58,0,0.00034,0.00034,0,0,0,0,0,6.2,0,0,0,0,0,0,1,0,0,0,0,0,0,0,0,98,0,,0,0,0,0,
115,11.42,0,11.04,0,0,0,0,0,-2.187,11.2125,0,0,-16.1,0,0,0,0,0.0572958,0,0,0,0,65,0,0,0,0,0,0,58,0,0.00034,0.00034,0,0,0,0,0,1,0,0,0,0,0,0,1,0,0,0,0,0,0,0,0,99,0,,0,0,0,0,
END,Total:7
START,FrameNb:209,CameraNb:0,HeSaiNb:0,ARS410Nb:0
2026/08/02 16:23:59:805---->
heightOffset:0,1785659039805,1329472,selfCaliBufCnt:0,selfAccObjCnt:0,selfAccAngle:0,installHAngleOffset:0,Interpolation:0,installVAngleOffset:0,radarOffsetH:0,radarOffsetV:0.32,Polynom:-0.001023;-0.0511;-2.047;0;0;0;-0.001023;-0.0511;-2.047;-25.5;0;0,WheelDirection:0;0;0;0,selfAngleOffset:0,selfAngleOffsetPit:0,currCaliAngleHrz:0,currCaliAnglePit:0,selfCaliAngleHrz:0,selfCaliAnglePit:0,servCaliAngleHrz:0,servCaliAnglePit:0,offlineCaliAngleHrz:0,offlineCaliAnglePit:0,determine2useFlag:0,IMU_Z_Accel:0,IMU_X_AngularRate:0,IMU_Y_AngularRate:0,IMU_RollAngle:0,IMU_PitchAngle:0,IMU_YawAngle:0,FcwID:0,FCWWarningLevel:0,FCWTTC:0
16,16.56,0,17.84,0,0,0,0,0,-5.0745,15.7625,-0.125,0,-17.7,0,0,0,0,0.0572958,0,0,0,0,96,0,0,0,0,0,0,54,0,0.00034,0.00034,0,0,0,0,0,0.8,0,0,0,0,0,0,1,0,0,0,0,0,0,0,0,30,0,,0,0,0,0,
20,6.92,0,-22.3,0,0,0,0,0,2.6255,6.4,0,0,4.9,0,0,0,0,0.0572958,0,0,0,0,94,0,0,0,0,0,0,54,0,0.00034,0.00034,0,0,0,0,0,0.8,0,0,0,0,0,0,1,0,0,0,0,0,0,0,0,99,0,,0,0,0,0,
21,9.22,0,-24.09,0,0,0,0,0,3.763,8.4125,-0.125,0,4.9,0,0,0,0,0.0572958,0,0,0,0,96,0,0,0,0,0,0,54,0,0.00034,0.00034,0,0,0,0,0,0.8,0,0,0,0,0,0,1,0,0,0,0,0,0,0,0,99,0,,0,0,0,0,
23,6.05,0,-1.66,0,0,0,0,0,0.1755,6.05,0,0,-6.3,0,0,0,0,0.0572958,0,0,0,0,98,0,0,0,0,0,0,54,0,0.00034,0.00034,0,0,0,0,0,1.8,0,0,0,0,0,0,1,0,0,0,0,0,0,0,0,98,0,,0,0,0,0,
30,10.56,-0.08,-49.67,0,0,0,0,0,8.0505,6.8375,0,-0.125,22.5,0,0,0,0,0.0572958,0,0,0,0,65,0,0,0,0,0,0,54,0,0.00034,0.00034,0,0,0,0,0,0.8,0,0,0,0,0,0,1,0,0,0,0,0,0,0,0,98,0,,0,0,0,0,
76,6.32,0,13.61,0,0,0,0,0,-1.487,6.1375,0,0,5.7,0,0,0,0,0.0572958,0,0,0,0,98,0,0,0,0,0,0,54,0,0.00034,0.00034,0,0,0,0,0,6.2,0,0,0,0,0,0,1,0,0,0,0,0,0,0,0,98,0,,0,0,0,0,
115,11.42,0,11.04,0,0,0,0,0,-2.187,11.2125,0,0,-16.3,0,0,0,0,0.0572958,0,0,0,0,65,0,0,0,0,0,0,54,0,0.00034,0.00034,0,0,0,0,0,1,0,0,0,0,0,0,1,0,0,0,0,0,0,0,0,99,0,,0,0,0,0,
END,Total:7
START,FrameNb:210,CameraNb:0,HeSaiNb:0,ARS410Nb:0
2026/08/02 16:23:59:852---->
heightOffset:0,1785659039852,1329522,selfCaliBufCnt:0,selfAccObjCnt:0,selfAccAngle:0,installHAngleOffset:0,Interpolation:0,installVAngleOffset:0,radarOffsetH:0,radarOffsetV:0.32,Polynom:-0.001023;-0.0511;-2.047;0;0;0;-0.001023;-0.0511;-2.047;-25.5;0;0,WheelDirection:0;0;0;0,selfAngleOffset:0,selfAngleOffsetPit:0,currCaliAngleHrz:0,currCaliAnglePit:0,selfCaliAngleHrz:0,selfCaliAnglePit:0,servCaliAngleHrz:0,servCaliAnglePit:0,offlineCaliAngleHrz:0,offlineCaliAnglePit:0,determine2useFlag:0,IMU_Z_Accel:0,IMU_X_AngularRate:0,IMU_Y_AngularRate:0,IMU_RollAngle:0,IMU_PitchAngle:0,IMU_YawAngle:0,FcwID:0,FCWWarningLevel:0,FCWTTC:0
16,16.56,0,17.84,0,0,0,0,0,-5.0745,15.7625,0,0,-17.7,0,0,0,0,0.0572958,0,0,0,0,96,0,0,0,0,0,0,58,0,0.00034,0.00034,0,0,0,0,0,0.8,0,0,0,0,0,0,1,0,0,0,0,0,0,0,0,30,0,,0,0,0,0,
20,6.92,0,-22.3,0,0,0,0,0,2.6255,6.4,0,0,4.9,0,0,0,0,0.0572958,0,0,0,0,94,0,0,0,0,0,0,58,0,0.00034,0.00034,0,0,0,0,0,0.8,0,0,0,0,0,0,1,0,0,0,0,0,0,0,0,99,0,,0,0,0,0,
21,9.22,0,-24.09,0,0,0,0,0,3.763,8.4125,0,0,4.9,0,0,0,0,0.0572958,0,0,0,0,96,0,0,0,0,0,0,58,0,0.00034,0.00034,0,0,0,0,0,0.8,0,0,0,0,0,0,1,0,0,0,0,0,0,0,0,99,0,,0,0,0,0,
23,6.05,0,-1.66,0,0,0,0,0,0.1755,6.05,-0.125,0,-6.3,0,0,0,0,0.0572958,0,0,0,0,98,0,0,0,0,0,0,58,0,0.00034,0.00034,0,0,0,0,0,1.8,0,0,0,0,0,0,1,0,0,0,0,0,0,0,0,98,0,,0,0,0,0,
30,10.56,-0.08,-49.67,0,0,0,0,0,8.0505,6.8375,0,-0.125,22.5,0,0,0,0,0.0572958,0,0,0,0,65,0,0,0,0,0,0,58,0,0.00034,0.00034,0,0,0,0,0,0.8,0,0,0,0,0,0,1,0,0,0,0,0,0,0,0,98,0,,0,0,0,0,
76,6.32,0,13.61,0,0,0,0,0,-1.487,6.1375,0,0,5.7,0,0,0,0,0.0572958,0,0,0,0,98,0,0,0,0,0,0,58,0,0.00034,0.00034,0,0,0,0,0,6.2,0,0,0,0,0,0,1,0,0,0,0,0,0,0,0,98,0,,0,0,0,0,
115,11.42,0,11.04,0,0,0,0,0,-2.187,11.2125,0,0,-16.3,0,0,0,0,0.0572958,0,0,0,0,65,0,0,0,0,0,0,58,0,0.00034,0.00034,0,0,0,0,0,1.2,0,0,0,0,0,0,1,0,0,0,0,0,0,0,0,99,0,,0,0,0,0,
END,Total:7
START,FrameNb:211,CameraNb:0,HeSaiNb:0,ARS410Nb:0
2026/08/02 16:23:59:881---->
heightOffset:0,1785659039881,1329571,selfCaliBufCnt:0,selfAccObjCnt:0,selfAccAngle:0,installHAngleOffset:0,Interpolation:0,installVAngleOffset:0,radarOffsetH:0,radarOffsetV:0.32,Polynom:-0.001023;-0.0511;-2.047;0;0;0;-0.001023;-0.0511;-2.047;-25.5;0;0,WheelDirection:0;0;0;0,selfAngleOffset:0,selfAngleOffsetPit:0,currCaliAngleHrz:0,currCaliAnglePit:0,selfCaliAngleHrz:0,selfCaliAnglePit:0,servCaliAngleHrz:0,servCaliAnglePit:0,offlineCaliAngleHrz:0,offlineCaliAnglePit:0,determine2useFlag:0,IMU_Z_Accel:0,IMU_X_AngularRate:0,IMU_Y_AngularRate:0,IMU_RollAngle:0,IMU_PitchAngle:0,IMU_YawAngle:0,FcwID:0,FCWWarningLevel:0,FCWTTC:0
16,16.56,0,17.84,0,0,0,0,0,-5.0745,15.7625,0,0,-17.7,0,0,0,0,0.0572958,0,0,0,0,96,0,0,0,0,0,0,57,0,0.00034,0.00034,0,0,0,0,0,0.8,0,0,0,0,0,0,1,0,0,0,0,0,0,0,0,30,0,,0,0,0,0,
20,6.92,0,-22.3,0,0,0,0,0,2.6255,6.4,0,0,4.9,0,0,0,0,0.0572958,0,0,0,0,93,0,0,0,0,0,0,57,0,0.00034,0.00034,0,0,0,0,0,1.2,0,0,0,0,0,0,1,0,0,0,0,0,0,0,0,99,0,,0,0,0,0,
21,9.22,0,-24.09,0,0,0,0,0,3.763,8.4125,0,0,4.9,0,0,0,0,0.0572958,0,0,0,0,96,0,0,0,0,0,0,57,0,0.00034,0.00034,0,0,0,0,0,1.6,0,0,0,0,0,0,1,0,0,0,0,0,0,0,0,99,0,,0,0,0,0,
23,6.05,0,-1.66,0,0,0,0,0,0.1755,6.05,0,0,-6.3,0,0,0,0,0.0572958,0,0,0,0,98,0,0,0,0,0,0,57,0,0.00034,0.00034,0,0,0,0,0,1.8,0,0,0,0,0,0,1,0,0,0,0,0,0,0,0,98,0,,0,0,0,0,
30,10.56,-0.08,-49.67,0,0,0,0,0,8.0505,6.8375,0,-0.125,22.7,0,0,0,0,0.0572958,0,0,0,0,65,0,0,0,0,0,0,57,0,0.00034,0.00034,0,0,0,0,0,0.8,0,0,0,0,0,0,1,0,0,0,0,0,0,0,0,99,0,,0,0,0,0,
76,6.32,0,13.61,0,0,0,0,0,-1.487,6.1375,0,0,5.7,0,0,0,0,0.0572958,0,0,0,0,98,0,0,0,0,0,0,57,0,0.00034,0.00034,0,0,0,0,0,6,0,0,0,0,0,0,1,0,0,0,0,0,0,0,0,98,0,,0,0,0,0,
115,11.42,0,11.04,0,0,0,0,0,-2.187,11.2125,0,0,-16.3,0,0,0,0,0.0572958,0,0,0,0,65,0,0,0,0,0,0,57,0,0.00034,0.00034,0,0,0,0,0,1.2,0,0,0,0,0,0,1,0,0,0,0,0,0,0,0,99,0,,0,0,0,0,
END,Total:7
START,FrameNb:212,CameraNb:0,HeSaiNb:0,ARS410Nb:0
2026/08/02 16:23:59:938---->
heightOffset:0,1785659039938,1329621,selfCaliBufCnt:0,selfAccObjCnt:0,selfAccAngle:0,installHAngleOffset:0,Interpolation:0,installVAngleOffset:0,radarOffsetH:0,radarOffsetV:0.32,Polynom:-0.001023;-0.0511;-2.047;0;0;0;-0.001023;-0.0511;-2.047;-25.5;0;0,WheelDirection:0;0;0;0,selfAngleOffset:0,selfAngleOffsetPit:0,currCaliAngleHrz:0,currCaliAnglePit:0,selfCaliAngleHrz:0,selfCaliAnglePit:0,servCaliAngleHrz:0,servCaliAnglePit:0,offlineCaliAngleHrz:0,offlineCaliAnglePit:0,determine2useFlag:0,IMU_Z_Accel:0,IMU_X_AngularRate:0,IMU_Y_AngularRate:0,IMU_RollAngle:0,IMU_PitchAngle:0,IMU_YawAngle:0,FcwID:0,FCWWarningLevel:0,FCWTTC:0
16,16.56,-0.12,17.84,0,0,0,0,0,-5.0745,15.7625,0,-0.125,-17.7,0,0,0,0,0.0572958,0,0,0,0,96,0,0,0,0,0,0,63,0,0.00034,0.00034,0,0,0,0,0,0.8,0,0,0,0,0,0,1,0,0,0,0,0,0,0,0,30,0,,0,0,0,0,
20,6.92,0,-22.3,0,0,0,0,0,2.6255,6.4,0,0,4.9,0,0,0,0,0.0572958,0,0,0,0,93,0,0,0,0,0,0,63,0,0.00034,0.00034,0,0,0,0,0,1,0,0,0,0,0,0,1,0,0,0,0,0,0,0,0,99,0,,0,0,0,0,
21,9.22,0,-24.09,0,0,0,0,0,3.763,8.4125,0,0,4.9,0,0,0,0,0.0572958,0,0,0,0,96,0,0,0,0,0,0,63,0,0.00034,0.00034,0,0,0,0,0,1.4,0,0,0,0,0,0,1,0,0,0,0,0,0,0,0,99,0,,0,0,0,0,
23,6.05,0,-1.66,0,0,0,0,0,0.1755,6.05,0,0,-6.3,0,0,0,0,0.0572958,0,0,0,0,98,0,0,0,0,0,0,63,0,0.00034,0.00034,0,0,0,0,0,2.4,0,0,0,0,0,0,1,0,0,0,0,0,0,0,0,98,0,,0,0,0,0,
30,10.56,-0.08,-49.67,0,0,0,0,0,8.0505,6.8375,0,-0.125,22.9,0,0,0,0,0.0572958,0,0,0,0,65,0,0,0,0,0,0,63,0,0.00034,0.00034,0,0,0,0,0,0.8,0,0,0,0,0,0,1,0,0,0,0,0,0,0,0,99,0,,0,0,0,0,
76,6.32,0,13.61,0,0,0,0,0,-1.487,6.1375,0,0,5.7,0,0,0,0,0.0572958,0,0,0,0,98,0,0,0,0,0,0,63,0,0.00034,0.00034,0,0,0,0,0,6.2,0,0,0,0,0,0,1,0,0,0,0,0,0,0,0,98,0,,0,0,0,0,
115,11.42,0,11.04,0,0,0,0,0,-2.187,11.2125,0,0,-16.3,0,0,0,0,0.0572958,0,0,0,0,65,0,0,0,0,0,0,63,0,0.00034,0.00034,0,0,0,0,0,1,0,0,0,0,0,0,1,0,0,0,0,0,0,0,0,99,0,,0,0,0,0,
END,Total:7
START,FrameNb:213,CameraNb:0,HeSaiNb:0,ARS410Nb:0
2026/08/02 16:23:59:978---->
heightOffset:0,1785659039978,1329671,selfCaliBufCnt:0,selfAccObjCnt:0,selfAccAngle:0,installHAngleOffset:0,Interpolation:0,installVAngleOffset:0,radarOffsetH:0,radarOffsetV:0.32,Polynom:-0.001023;-0.0511;-2.047;0;0;0;-0.001023;-0.0511;-2.047;-25.5;0;0,WheelDirection:0;0;0;0,selfAngleOffset:0,selfAngleOffsetPit:0,currCaliAngleHrz:0,currCaliAnglePit:0,selfCaliAngleHrz:0,selfCaliAnglePit:0,servCaliAngleHrz:0,servCaliAnglePit:0,offlineCaliAngleHrz:0,offlineCaliAnglePit:0,determine2useFlag:0,IMU_Z_Accel:0,IMU_X_AngularRate:0,IMU_Y_AngularRate:0,IMU_RollAngle:0,IMU_PitchAngle:0,IMU_YawAngle:0,FcwID:0,FCWWarningLevel:0,FCWTTC:0
16,16.56,-0.12,17.84,0,0,0,0,0,-5.0745,15.7625,0,-0.125,-17.7,0,0,0,0,0.0572958,0,0,0,0,96,0,0,0,0,0,0,55,0,0.00034,0.00034,0,0,0,0,0,0.8,0,0,0,0,0,0,1,0,0,0,0,0,0,0,0,30,0,,0,0,0,0,
20,6.92,0,-22.3,0,0,0,0,0,2.6255,6.4,0,0,4.9,0,0,0,0,0.0572958,0,0,0,0,92,0,0,0,0,0,0,55,0,0.00034,0.00034,0,0,0,0,0,1.2,0,0,0,0,0,0,1,0,0,0,0,0,0,0,0,99,0,,0,0,0,0,
21,9.22,0,-24.09,0,0,0,0,0,3.763,8.4125,0,0,4.9,0,0,0,0,0.0572958,0,0,0,0,96,0,0,0,0,0,0,55,0,0.00034,0.00034,0,0,0,0,0,2,0,0,0,0,0,0,1,0,0,0,0,0,0,0,0,99,0,,0,0,0,0,
23,6.05,0,-1.66,0,0,0,0,0,0.1755,6.05,-0.125,0,-6.3,0,0,0,0,0.0572958,0,0,0,0,98,0,0,0,0,0,0,55,0,0.00034,0.00034,0,0,0,0,0,2.2,0,0,0,0,0,0,1,0,0,0,0,0,0,0,0,98,0,,0,0,0,0,
30,10.56,-0.08,-49.67,0,0,0,0,0,8.0505,6.8375,0,-0.125,23.1,0,0,0,0,0.0572958,0,0,0,0,65,0,0,0,0,0,0,55,0,0.00034,0.00034,0,0,0,0,0,0.8,0,0,0,0,0,0,1,0,0,0,0,0,0,0,0,99,0,,0,0,0,0,
76,6.32,0,13.61,0,0,0,0,0,-1.487,6.1375,0,0,5.7,0,0,0,0,0.0572958,0,0,0,0,98,0,0,0,0,0,0,55,0,0.00034,0.00034,0,0,0,0,0,6,0,0,0,0,0,0,1,0,0,0,0,0,0,0,0,98,0,,0,0,0,0,
115,11.42,0,11.04,0,0,0,0,0,-2.187,11.2125,0,0,-16.3,0,0,0,0,0.0572958,0,0,0,0,65,0,0,0,0,0,0,55,0,0.00034,0.00034,0,0,0,0,0,1,0,0,0,0,0,0,1,0,0,0,0,0,0,0,0,99,0,,0,0,0,0,
END,Total:7
START,FrameNb:214,CameraNb:0,HeSaiNb:0,ARS410Nb:0
2026/08/02 16:24:00:044---->
heightOffset:0,1785659040044,1329722,selfCaliBufCnt:0,selfAccObjCnt:0,selfAccAngle:0,installHAngleOffset:0,Interpolation:0,installVAngleOffset:0,radarOffsetH:0,radarOffsetV:0.32,Polynom:-0.001023;-0.0511;-2.047;0;0;0;-0.001023;-0.0511;-2.047;-25.5;0;0,WheelDirection:0;0;0;0,selfAngleOffset:0,selfAngleOffsetPit:0,currCaliAngleHrz:0,currCaliAnglePit:0,selfCaliAngleHrz:0,selfCaliAnglePit:0,servCaliAngleHrz:0,servCaliAnglePit:0,offlineCaliAngleHrz:0,offlineCaliAnglePit:0,determine2useFlag:0,IMU_Z_Accel:0,IMU_X_AngularRate:0,IMU_Y_AngularRate:0,IMU_RollAngle:0,IMU_PitchAngle:0,IMU_YawAngle:0,FcwID:0,FCWWarningLevel:0,FCWTTC:0
16,16.56,-0.12,17.84,0,0,0,0,0,-5.0745,15.7625,0,-0.125,-17.7,0,0,0,0,0.0572958,0,0,0,0,96,0,0,0,0,0,0,57,0,0.00034,0.00034,0,0,0,0,0,0.8,0,0,0,0,0,0,1,0,0,0,0,0,0,0,0,30,0,,0,0,0,0,
20,6.92,0,-22.3,0,0,0,0,0,2.6255,6.4,0,0,4.9,0,0,0,0,0.0572958,0,0,0,0,92,0,0,0,0,0,0,57,0,0.00034,0.00034,0,0,0,0,0,1.2,0,0,0,0,0,0,1,0,0,0,0,0,0,0,0,99,0,,0,0,0,0,
21,9.22,0,-24.09,0,0,0,0,0,3.763,8.4125,0,0,4.9,0,0,0,0,0.0572958,0,0,0,0,96,0,0,0,0,0,0,57,0,0.00034,0.00034,0,0,0,0,0,2,0,0,0,0,0,0,1,0,0,0,0,0,0,0,0,99,0,,0,0,0,0,
23,6.05,0,-1.66,0,0,0,0,0,0.1755,6.05,-0.125,0,-6.3,0,0,0,0,0.0572958,0,0,0,0,98,0,0,0,0,0,0,57,0,0.00034,0.00034,0,0,0,0,0,2.2,0,0,0,0,0,0,1,0,0,0,0,0,0,0,0,98,0,,0,0,0,0,
30,10.56,-0.08,-49.67,0,0,0,0,0,8.0505,6.8375,0,-0.125,23.1,0,0,0,0,0.0572958,0,0,0,0,65,0,0,0,0,0,0,57,0,0.00034,0.00034,0,0,0,0,0,0.8,0,0,0,0,0,0,1,0,0,0,0,0,0,0,0,99,0,,0,0,0,0,
76,6.32,0,13.61,0,0,0,0,0,-1.487,6.1375,0,0,5.7,0,0,0,0,0.0572958,0,0,0,0,98,0,0,0,0,0,0,57,0,0.00034,0.00034,0,0,0,0,0,6,0,0,0,0,0,0,1,0,0,0,0,0,0,0,0,98,0,,0,0,0,0,
115,11.42,0,11.04,0,0,0,0,0,-2.187,11.2125,0,0,-16.3,0,0,0,0,0.0572958,0,0,0,0,65,0,0,0,0,0,0,57,0,0.00034,0.00034,0,0,0,0,0,1,0,0,0,0,0,0,1,0,0,0,0,0,0,0,0,99,0,,0,0,0,0,
END,Total:7
START,FrameNb:215,CameraNb:0,HeSaiNb:0,ARS410Nb:0
2026/08/02 16:24:00:105---->
heightOffset:0,1785659040105,1329771,selfCaliBufCnt:0,selfAccObjCnt:0,selfAccAngle:0,installHAngleOffset:0,Interpolation:0,installVAngleOffset:0,radarOffsetH:0,radarOffsetV:0.32,Polynom:-0.001023;-0.0511;-2.047;0;0;0;-0.001023;-0.0511;-2.047;-25.5;0;0,WheelDirection:0;0;0;0,selfAngleOffset:0,selfAngleOffsetPit:0,currCaliAngleHrz:0,currCaliAnglePit:0,selfCaliAngleHrz:0,selfCaliAnglePit:0,servCaliAngleHrz:0,servCaliAnglePit:0,offlineCaliAngleHrz:0,offlineCaliAnglePit:0,determine2useFlag:0,IMU_Z_Accel:0,IMU_X_AngularRate:0,IMU_Y_AngularRate:0,IMU_RollAngle:0,IMU_PitchAngle:0,IMU_YawAngle:0,FcwID:0,FCWWarningLevel:0,FCWTTC:0
16,16.56,-0.12,17.84,0,0,0,0,0,-5.0745,15.7625,0,-0.125,-17.9,0,0,0,0,0.0572958,0,0,0,0,96,0,0,0,0,0,0,57,0,0.00034,0.00034,0,0,0,0,0,0.8,0,0,0,0,0,0,1,0,0,0,0,0,0,0,0,30,0,,0,0,0,0,
20,6.92,0,-22.3,0,0,0,0,0,2.6255,6.4,0,0,4.9,0,0,0,0,0.0572958,0,0,0,0,91,0,0,0,0,0,0,57,0,0.00034,0.00034,0,0,0,0,0,1.4,0,0,0,0,0,0,1,0,0,0,0,0,0,0,0,99,0,,0,0,0,0,
21,9.22,0,-24.09,0,0,0,0,0,3.763,8.4125,0,0,4.9,0,0,0,0,0.0572958,0,0,0,0,96,0,0,0,0,0,0,57,0,0.00034,0.00034,0,0,0,0,0,2.4,0,0,0,0,0,0,1,0,0,0,0,0,0,0,0,99,0,,0,0,0,0,
23,6.05,0,-1.66,0,0,0,0,0,0.1755,6.05,-0.125,0,-6.3,0,0,0,0,0.0572958,0,0,0,0,98,0,0,0,0,0,0,57,0,0.00034,0.00034,0,0,0,0,0,2.2,0,0,0,0,0,0,1,0,0,0,0,0,0,0,0,98,0,,0,0,0,0,
30,10.56,-0.08,-49.67,0,0,0,0,0,8.0505,6.8375,0,-0.125,23.3,0,0,0,0,0.0572958,0,0,0,0,65,0,0,0,0,0,0,57,0,0.00034,0.00034,0,0,0,0,0,0.8,0,0,0,0,0,0,1,0,0,0,0,0,0,0,0,99,0,,0,0,0,0,
76,6.32,0,13.61,0,0,0,0,0,-1.487,6.1375,-0.125,0,5.7,0,0,0,0,0.0572958,0,0,0,0,98,0,0,0,0,0,0,57,0,0.00034,0.00034,0,0,0,0,0,6,0,0,0,0,0,0,1,0,0,0,0,0,0,0,0,98,0,,0,0,0,0,
115,11.42,0,11.04,0,0,0,0,0,-2.187,11.2125,0,0,-16.3,0,0,0,0,0.0572958,0,0,0,0,65,0,0,0,0,0,0,57,0,0.00034,0.00034,0,0,0,0,0,1,0,0,0,0,0,0,1,0,0,0,0,0,0,0,0,99,0,,0,0,0,0,
END,Total:7
START,FrameNb:216,CameraNb:0,HeSaiNb:0,ARS410Nb:0
2026/08/02 16:24:00:133---->
heightOffset:0,1785659040133,1329822,selfCaliBufCnt:0,selfAccObjCnt:0,selfAccAngle:0,installHAngleOffset:0,Interpolation:0,installVAngleOffset:0,radarOffsetH:0,radarOffsetV:0.32,Polynom:-0.001023;-0.0511;-2.047;0;0;0;-0.001023;-0.0511;-2.047;-25.5;0;0,WheelDirection:0;0;0;0,selfAngleOffset:0,selfAngleOffsetPit:0,currCaliAngleHrz:0,currCaliAnglePit:0,selfCaliAngleHrz:0,selfCaliAnglePit:0,servCaliAngleHrz:0,servCaliAnglePit:0,offlineCaliAngleHrz:0,offlineCaliAnglePit:0,determine2useFlag:0,IMU_Z_Accel:0,IMU_X_AngularRate:0,IMU_Y_AngularRate:0,IMU_RollAngle:0,IMU_PitchAngle:0,IMU_YawAngle:0,FcwID:0,FCWWarningLevel:0,FCWTTC:0
16,16.56,-0.12,17.84,0,0,0,0,0,-5.0745,15.7625,0,-0.125,-17.9,0,0,0,0,0.0572958,0,0,0,0,96,0,0,0,0,0,0,54,0,0.00034,0.00034,0,0,0,0,0,0.8,0,0,0,0,0,0,1,0,0,0,0,0,0,0,0,30,0,,0,0,0,0,
20,6.92,0,-22.3,0,0,0,0,0,2.6255,6.4,0,0,4.9,0,0,0,0,0.0572958,0,0,0,0,88,0,0,0,0,0,0,54,0,0.00034,0.00034,0,0,0,0,0,1.4,0,0,0,0,0,0,1,0,0,0,0,0,0,0,0,99,0,,0,0,0,0,
21,9.25,0,-24.6,0,0,0,0,0,3.8505,8.4125,-0.125,0,5.1,0,0,0,0,0.0572958,0,0,0,0,96,0,0,0,0,0,0,54,0,0.00034,0.00034,0,0,0,0,0,2.8,0,0,0,0,0,0,1,0,0,0,0,0,0,0,0,99,0,,0,0,0,0,
23,6.05,0,-1.66,0,0,0,0,0,0.1755,6.05,-0.125,0,-6.3,0,0,0,0,0.0572958,0,0,0,0,98,0,0,0,0,0,0,54,0,0.00034,0.00034,0,0,0,0,0,2,0,0,0,0,0,0,1,0,0,0,0,0,0,0,0,98,0,,0,0,0,0,
30,10.56,-0.08,-49.67,0,0,0,0,0,8.0505,6.8375,0,-0.125,23.5,0,0,0,0,0.0572958,0,0,0,0,65,0,0,0,0,0,0,54,0,0.00034,0.00034,0,0,0,0,0,0.8,0,0,0,0,0,0,1,0,0,0,0,0,0,0,0,99,0,,0,0,0,0,
76,6.32,0,13.61,0,0,0,0,0,-1.487,6.1375,0,0,5.7,0,0,0,0,0.0572958,0,0,0,0,98,0,0,0,0,0,0,54,0,0.00034,0.00034,0,0,0,0,0,6,0,0,0,0,0,0,1,0,0,0,0,0,0,0,0,98,0,,0,0,0,0,
115,11.42,0,11.04,0,0,0,0,0,-2.187,11.2125,0,0,-16.3,0,0,0,0,0.0572958,0,0,0,0,65,0,0,0,0,0,0,54,0,0.00034,0.00034,0,0,0,0,0,1,0,0,0,0,0,0,1,0,0,0,0,0,0,0,0,99,0,,0,0,0,0,
END,Total:7
START,FrameNb:217,CameraNb:0,HeSaiNb:0,ARS410Nb:0
2026/08/02 16:24:00:187---->
heightOffset:0,1785659040187,1329871,selfCaliBufCnt:0,selfAccObjCnt:0,selfAccAngle:0,installHAngleOffset:0,Interpolation:0,installVAngleOffset:0,radarOffsetH:0,radarOffsetV:0.32,Polynom:-0.001023;-0.0511;-2.047;0;0;0;-0.001023;-0.0511;-2.047;-25.5;0;0,WheelDirection:0;0;0;0,selfAngleOffset:0,selfAngleOffsetPit:0,currCaliAngleHrz:0,currCaliAnglePit:0,selfCaliAngleHrz:0,selfCaliAnglePit:0,servCaliAngleHrz:0,servCaliAnglePit:0,offlineCaliAngleHrz:0,offlineCaliAnglePit:0,determine2useFlag:0,IMU_Z_Accel:0,IMU_X_AngularRate:0,IMU_Y_AngularRate:0,IMU_RollAngle:0,IMU_PitchAngle:0,IMU_YawAngle:0,FcwID:0,FCWWarningLevel:0,FCWTTC:0
16,16.56,-0.12,17.84,0,0,0,0,0,-5.0745,15.7625,0,-0.125,-17.7,0,0,0,0,0.0572958,0,0,0,0,96,0,0,0,0,0,0,58,0,0.00034,0.00034,0,0,0,0,0,0.8,0,0,0,0,0,0,1,0,0,0,0,0,0,0,0,30,0,,0,0,0,0,
20,6.92,0,-22.3,0,0,0,0,0,2.6255,6.4,0,0,4.9,0,0,0,0,0.0572958,0,0,0,0,87,0,0,0,0,0,0,58,0,0.00034,0.00034,0,0,0,0,0,2,0,0,0,0,0,0,1,0,0,0,0,0,0,0,0,99,0,,0,0,0,0,
21,9.29,0,-25.08,0,0,0,0,0,3.938,8.4125,-0.25,0,5.7,0,0,0,0,0.0572958,0,0,0,0,96,0,0,0,0,0,0,58,0,0.00034,0.00034,0,0,0,0,0,2.2,0,0,0,0,0,0,1,0,0,0,0,0,0,0,0,99,0,,0,0,0,0,
23,6.05,0,-1.66,0,0,0,0,0,0.1755,6.05,-0.125,0,-6.3,0,0,0,0,0.0572958,0,0,0,0,98,0,0,0,0,0,0,58,0,0.00034,0.00034,0,0,0,0,0,2,0,0,0,0,0,0,1,0,0,0,0,0,0,0,0,98,0,,0,0,0,0,
76,6.32,0,13.61,0,0,0,0,0,-1.487,6.1375,-0.125,0,5.7,0,0,0,0,0.0572958,0,0,0,0,98,0,0,0,0,0,0,58,0,0.00034,0.00034,0,0,0,0,0,6,0,0,0,0,0,0,1,0,0,0,0,0,0,0,0,98,0,,0,0,0,0,
115,11.42,0,11.04,0,0,0,0,0,-2.187,11.2125,0,0,-16.3,0,0,0,0,0.0572958,0,0,0,0,65,0,0,0,0,0,0,58,0,0.00034,0.00034,0,0,0,0,0,1.2,0,0,0,0,0,0,1,0,0,0,0,0,0,0,0,99,0,,0,0,0,0,
END,Total:6
START,FrameNb:218,CameraNb:0,HeSaiNb:0,ARS410Nb:0
2026/08/02 16:24:00:230---->
heightOffset:0,1785659040230,1329921,selfCaliBufCnt:0,selfAccObjCnt:0,selfAccAngle:0,installHAngleOffset:0,Interpolation:0,installVAngleOffset:0,radarOffsetH:0,radarOffsetV:0.32,Polynom:-0.001023;-0.0511;-2.047;0;0;0;-0.001023;-0.0511;-2.047;-25.5;0;0,WheelDirection:0;0;0;0,selfAngleOffset:0,selfAngleOffsetPit:0,currCaliAngleHrz:0,currCaliAnglePit:0,selfCaliAngleHrz:0,selfCaliAnglePit:0,servCaliAngleHrz:0,servCaliAnglePit:0,offlineCaliAngleHrz:0,offlineCaliAnglePit:0,determine2useFlag:0,IMU_Z_Accel:0,IMU_X_AngularRate:0,IMU_Y_AngularRate:0,IMU_RollAngle:0,IMU_PitchAngle:0,IMU_YawAngle:0,FcwID:0,FCWWarningLevel:0,FCWTTC:0
16,16.56,-0.12,17.84,0,0,0,0,0,-5.0745,15.7625,0,-0.125,-17.7,0,0,0,0,0.0572958,0,0,0,0,96,0,0,0,0,0,0,53,0,0.00034,0.00034,0,0,0,0,0,0.8,0,0,0,0,0,0,1,0,0,0,0,0,0,0,0,30,0,,0,0,0,0,
20,6.92,0,-22.3,0,0,0,0,0,2.6255,6.4,0,0,4.9,0,0,0,0,0.0572958,0,0,0,0,86,0,0,0,0,0,0,53,0,0.00034,0.00034,0,0,0,0,0,2,0,0,0,0,0,0,1,0,0,0,0,0,0,0,0,99,0,,0,0,0,0,
21,9.29,0,-25.08,0,0,0,0,0,3.938,8.4125,-0.25,0,5.7,0,0,0,0,0.0572958,0,0,0,0,96,0,0,0,0,0,0,53,0,0.00034,0.00034,0,0,0,0,0,2.6,0,0,0,0,0,0,1,0,0,0,0,0,0,0,0,99,0,,0,0,0,0,
23,6.05,0,-1.66,0,0,0,0,0,0.1755,6.05,-0.125,0,-6.3,0,0,0,0,0.0572958,0,0,0,0,98,0,0,0,0,0,0,53,0,0.00034,0.00034,0,0,0,0,0,2,0,0,0,0,0,0,1,0,0,0,0,0,0,0,0,98,0,,0,0,0,0,
76,6.32,0,13.61,0,0,0,0,0,-1.487,6.1375,0,0,5.7,0,0,0,0,0.0572958,0,0,0,0,98,0,0,0,0,0,0,53,0,0.00034,0.00034,0,0,0,0,0,6,0,0,0,0,0,0,1,0,0,0,0,0,0,0,0,98,0,,0,0,0,0,
115,11.42,0,11.04,0,0,0,0,0,-2.187,11.2125,0,0,-16.3,0,0,0,0,0.0572958,0,0,0,0,65,0,0,0,0,0,0,53,0,0.00034,0.00034,0,0,0,0,0,1,0,0,0,0,0,0,1,0,0,0,0,0,0,0,0,99,0,,0,0,0,0,
END,Total:6
START,FrameNb:219,CameraNb:0,HeSaiNb:0,ARS410Nb:0
2026/08/02 16:24:00:291---->
heightOffset:0,1785659040291,1329971,selfCaliBufCnt:0,selfAccObjCnt:0,selfAccAngle:0,installHAngleOffset:0,Interpolation:0,installVAngleOffset:0,radarOffsetH:0,radarOffsetV:0.32,Polynom:-0.001023;-0.0511;-2.047;0;0;0;-0.001023;-0.0511;-2.047;-25.5;0;0,WheelDirection:0;0;0;0,selfAngleOffset:0,selfAngleOffsetPit:0,currCaliAngleHrz:0,currCaliAnglePit:0,selfCaliAngleHrz:0,selfCaliAnglePit:0,servCaliAngleHrz:0,servCaliAnglePit:0,offlineCaliAngleHrz:0,offlineCaliAnglePit:0,determine2useFlag:0,IMU_Z_Accel:0,IMU_X_AngularRate:0,IMU_Y_AngularRate:0,IMU_RollAngle:0,IMU_PitchAngle:0,IMU_YawAngle:0,FcwID:0,FCWWarningLevel:0,FCWTTC:0
16,16.56,-0.12,17.84,0,0,0,0,0,-5.0745,15.7625,0,-0.125,-17.7,0,0,0,0,0.0572958,0,0,0,0,96,0,0,0,0,0,0,62,0,0.00034,0.00034,0,0,0,0,0,0.8,0,0,0,0,0,0,1,0,0,0,0,0,0,0,0,30,0,,0,0,0,0,
20,6.92,0,-22.3,0,0,0,0,0,2.6255,6.4,0,0,4.9,0,0,0,0,0.0572958,0,0,0,0,85,0,0,0,0,0,0,62,0,0.00034,0.00034,0,0,0,0,0,1.6,0,0,0,0,0,0,1,0,0,0,0,0,0,0,0,99,0,,0,0,0,0,
21,9.29,0,-25.08,0,0,0,0,0,3.938,8.4125,-0.125,0,5.7,0,0,0,0,0.0572958,0,0,0,0,96,0,0,0,0,0,0,62,0,0.00034,0.00034,0,0,0,0,0,2.2,0,0,0,0,0,0,1,0,0,0,0,0,0,0,0,99,0,,0,0,0,0,
23,6.05,0,-1.66,0,0,0,0,0,0.1755,6.05,-0.125,0,-6.3,0,0,0,0,0.0572958,0,0,0,0,98,0,0,0,0,0,0,62,0,0.00034,0.00034,0,0,0,0,0,2,0,0,0,0,0,0,1,0,0,0,0,0,0,0,0,98,0,,0,0,0,0,
76,6.32,0,13.61,0,0,0,0,0,-1.487,6.1375,-0.125,0,5.7,0,0,0,0,0.0572958,0,0,0,0,98,0,0,0,0,0,0,62,0,0.00034,0.00034,0,0,0,0,0,6,0,0,0,0,0,0,1,0,0,0,0,0,0,0,0,98,0,,0,0,0,0,
115,11.42,0,11.04,0,0,0,0,0,-2.187,11.2125,0,0,-16.3,0,0,0,0,0.0572958,0,0,0,0,65,0,0,0,0,0,0,62,0,0.00034,0.00034,0,0,0,0,0,1,0,0,0,0,0,0,1,0,0,0,0,0,0,0,0,99,0,,0,0,0,0,
END,Total:6
START,FrameNb:220,CameraNb:0,HeSaiNb:0,ARS410Nb:0
2026/08/02 16:24:00:325---->
heightOffset:0,1785659040325,1330021,selfCaliBufCnt:0,selfAccObjCnt:0,selfAccAngle:0,installHAngleOffset:0,Interpolation:0,installVAngleOffset:0,radarOffsetH:0,radarOffsetV:0.32,Polynom:-0.001023;-0.0511;-2.047;0;0;0;-0.001023;-0.0511;-2.047;-25.5;0;0,WheelDirection:0;0;0;0,selfAngleOffset:0,selfAngleOffsetPit:0,currCaliAngleHrz:0,currCaliAnglePit:0,selfCaliAngleHrz:0,selfCaliAnglePit:0,servCaliAngleHrz:0,servCaliAnglePit:0,offlineCaliAngleHrz:0,offlineCaliAnglePit:0,determine2useFlag:0,IMU_Z_Accel:0,IMU_X_AngularRate:0,IMU_Y_AngularRate:0,IMU_RollAngle:0,IMU_PitchAngle:0,IMU_YawAngle:0,FcwID:0,FCWWarningLevel:0,FCWTTC:0
16,16.56,-0.12,17.84,0,0,0,0,0,-5.0745,15.7625,0,-0.125,-17.7,0,0,0,0,0.0572958,0,0,0,0,96,0,0,0,0,0,0,58,0,0.00034,0.00034,0,0,0,0,0,0.8,0,0,0,0,0,0,1,0,0,0,0,0,0,0,0,30,0,,0,0,0,0,
20,6.92,0,-22.3,0,0,0,0,0,2.6255,6.4,0,0,4.9,0,0,0,0,0.0572958,0,0,0,0,83,0,0,0,0,0,0,58,0,0.00034,0.00034,0,0,0,0,0,1.6,0,0,0,0,0,0,1,0,0,0,0,0,0,0,0,99,0,,0,0,0,0,
21,9.25,0,-24.6,0,0,0,0,0,3.8505,8.4125,-0.125,0,5.7,0,0,0,0,0.0572958,0,0,0,0,96,0,0,0,0,0,0,58,0,0.00034,0.00034,0,0,0,0,0,2.6,0,0,0,0,0,0,1,0,0,0,0,0,0,0,0,99,0,,0,0,0,0,
23,6.05,0,-1.66,0,0,0,0,0,0.1755,6.05,-0.125,0,-6.3,0,0,0,0,0.0572958,0,0,0,0,98,0,0,0,0,0,0,58,0,0.00034,0.00034,0,0,0,0,0,2,0,0,0,0,0,0,1,0,0,0,0,0,0,0,0,98,0,,0,0,0,0,
30,10.56,-0.08,-49.67,0,0,0,0,0,8.0505,6.8375,0,-0.125,23.3,0,0,0,0,0.0572958,0,0,0,0,65,0,0,0,0,0,0,58,0,0.00034,0.00034,0,0,0,0,0,0.8,0,0,0,0,0,0,1,0,0,0,0,0,0,0,0,99,0,,0,0,0,0,
76,6.32,0,13.61,0,0,0,0,0,-1.487,6.1375,0,0,5.7,0,0,0,0,0.0572958,0,0,0,0,98,0,0,0,0,0,0,58,0,0.00034,0.00034,0,0,0,0,0,6,0,0,0,0,0,0,1,0,0,0,0,0,0,0,0,98,0,,0,0,0,0,
115,11.42,0,11.04,0,0,0,0,0,-2.187,11.2125,0,0,-16.3,0,0,0,0,0.0572958,0,0,0,0,65,0,0,0,0,0,0,58,0,0.00034,0.00034,0,0,0,0,0,1,0,0,0,0,0,0,1,0,0,0,0,0,0,0,0,99,0,,0,0,0,0,
END,Total:7
START,FrameNb:221,CameraNb:0,HeSaiNb:0,ARS410Nb:0
2026/08/02 16:24:00:387---->
heightOffset:0,1785659040387,1330072,selfCaliBufCnt:0,selfAccObjCnt:0,selfAccAngle:0,installHAngleOffset:0,Interpolation:0,installVAngleOffset:0,radarOffsetH:0,radarOffsetV:0.32,Polynom:-0.001023;-0.0511;-2.047;0;0;0;-0.001023;-0.0511;-2.047;-25.5;0;0,WheelDirection:0;0;0;0,selfAngleOffset:0,selfAngleOffsetPit:0,currCaliAngleHrz:0,currCaliAnglePit:0,selfCaliAngleHrz:0,selfCaliAnglePit:0,servCaliAngleHrz:0,servCaliAnglePit:0,offlineCaliAngleHrz:0,offlineCaliAnglePit:0,determine2useFlag:0,IMU_Z_Accel:0,IMU_X_AngularRate:0,IMU_Y_AngularRate:0,IMU_RollAngle:0,IMU_PitchAngle:0,IMU_YawAngle:0,FcwID:0,FCWWarningLevel:0,FCWTTC:0
16,16.56,-0.12,17.84,0,0,0,0,0,-5.0745,15.7625,0,-0.125,-17.7,0,0,0,0,0.0572958,0,0,0,0,96,0,0,0,0,0,0,60,0,0.00034,0.00034,0,0,0,0,0,0.8,0,0,0,0,0,0,1,0,0,0,0,0,0,0,0,30,0,,0,0,0,0,
20,6.92,0,-22.3,0,0,0,0,0,2.6255,6.4,0,0,4.9,0,0,0,0,0.0572958,0,0,0,0,83,0,0,0,0,0,0,60,0,0.00034,0.00034,0,0,0,0,0,1.4,0,0,0,0,0,0,1,0,0,0,0,0,0,0,0,99,0,,0,0,0,0,
21,9.25,0,-24.6,0,0,0,0,0,3.8505,8.4125,-0.125,0,5.5,0,0,0,0,0.0572958,0,0,0,0,96,0,0,0,0,0,0,60,0,0.00034,0.00034,0,0,0,0,0,2.2,0,0,0,0,0,0,1,0,0,0,0,0,0,0,0,99,0,,0,0,0,0,
23,6.05,0,-1.66,0,0,0,0,0,0.1755,6.05,-0.125,0,-6.3,0,0,0,0,0.0572958,0,0,0,0,98,0,0,0,0,0,0,60,0,0.00034,0.00034,0,0,0,0,0,2,0,0,0,0,0,0,1,0,0,0,0,0,0,0,0,98,0,,0,0,0,0,
30,10.56,-0.08,-49.67,0,0,0,0,0,8.0505,6.8375,0,-0.125,23.1,0,0,0,0,0.0572958,0,0,0,0,65,0,0,0,0,0,0,60,0,0.00034,0.00034,0,0,0,0,0,0.8,0,0,0,0,0,0,1,0,0,0,0,0,0,0,0,99,0,,0,0,0,0,
76,6.32,0,13.61,0,0,0,0,0,-1.487,6.1375,-0.125,0,5.7,0,0,0,0,0.0572958,0,0,0,0,98,0,0,0,0,0,0,60,0,0.00034,0.00034,0,0,0,0,0,6.2,0,0,0,0,0,0,1,0,0,0,0,0,0,0,0,98,0,,0,0,0,0,
115,11.42,0,11.04,0,0,0,0,0,-2.187,11.2125,0,0,-16.1,0,0,0,0,0.0572958,0,0,0,0,65,0,0,0,0,0,0,60,0,0.00034,0.00034,0,0,0,0,0,1,0,0,0,0,0,0,1,0,0,0,0,0,0,0,0,99,0,,0,0,0,0,
END,Total:7
START,FrameNb:222,CameraNb:0,HeSaiNb:0,ARS410Nb:0
2026/08/02 16:24:00:442---->
heightOffset:0,1785659040442,1330122,selfCaliBufCnt:0,selfAccObjCnt:0,selfAccAngle:0,installHAngleOffset:0,Interpolation:0,installVAngleOffset:0,radarOffsetH:0,radarOffsetV:0.32,Polynom:-0.001023;-0.0511;-2.047;0;0;0;-0.001023;-0.0511;-2.047;-25.5;0;0,WheelDirection:0;0;0;0,selfAngleOffset:0,selfAngleOffsetPit:0,currCaliAngleHrz:0,currCaliAnglePit:0,selfCaliAngleHrz:0,selfCaliAnglePit:0,servCaliAngleHrz:0,servCaliAnglePit:0,offlineCaliAngleHrz:0,offlineCaliAnglePit:0,determine2useFlag:0,IMU_Z_Accel:0,IMU_X_AngularRate:0,IMU_Y_AngularRate:0,IMU_RollAngle:0,IMU_PitchAngle:0,IMU_YawAngle:0,FcwID:0,FCWWarningLevel:0,FCWTTC:0
16,16.56,-0.12,17.84,0,0,0,0,0,-5.0745,15.7625,0,-0.125,-17.7,0,0,0,0,0.0572958,0,0,0,0,96,0,0,0,0,0,0,55,0,0.00034,0.00034,0,0,0,0,0,0.8,0,0,0,0,0,0,1,0,0,0,0,0,0,0,0,30,0,,0,0,0,0,
20,6.92,0,-22.3,0,0,0,0,0,2.6255,6.4,0,0,4.9,0,0,0,0,0.0572958,0,0,0,0,83,0,0,0,0,0,0,55,0,0.00034,0.00034,0,0,0,0,0,1.4,0,0,0,0,0,0,1,0,0,0,0,0,0,0,0,99,0,,0,0,0,0,
21,9.29,0,-25.08,0,0,0,0,0,3.938,8.4125,-0.125,0,5.5,0,0,0,0,0.0572958,0,0,0,0,96,0,0,0,0,0,0,55,0,0.00034,0.00034,0,0,0,0,0,2.2,0,0,0,0,0,0,1,0,0,0,0,0,0,0,0,99,0,,0,0,0,0,
23,6.05,0,-1.66,0,0,0,0,0,0.1755,6.05,-0.125,0,-6.3,0,0,0,0,0.0572958,0,0,0,0,98,0,0,0,0,0,0,55,0,0.00034,0.00034,0,0,0,0,0,2,0,0,0,0,0,0,1,0,0,0,0,0,0,0,0,98,0,,0,0,0,0,
30,10.56,-0.08,-49.67,0,0,0,0,0,8.0505,6.8375,0,-0.125,23.1,0,0,0,0,0.0572958,0,0,0,0,65,0,0,0,0,0,0,55,0,0.00034,0.00034,0,0,0,0,0,0.8,0,0,0,0,0,0,1,0,0,0,0,0,0,0,0,99,0,,0,0,0,0,
76,6.32,0,13.61,0,0,0,0,0,-1.487,6.1375,-0.125,0,5.7,0,0,0,0,0.0572958,0,0,0,0,98,0,0,0,0,0,0,55,0,0.00034,0.00034,0,0,0,0,0,6.2,0,0,0,0,0,0,1,0,0,0,0,0,0,0,0,98,0,,0,0,0,0,
115,11.42,0,11.04,0,0,0,0,0,-2.187,11.2125,0,0,-16.1,0,0,0,0,0.0572958,0,0,0,0,65,0,0,0,0,0,0,55,0,0.00034,0.00034,0,0,0,0,0,1,0,0,0,0,0,0,1,0,0,0,0,0,0,0,0,99,0,,0,0,0,0,
END,Total:7
START,FrameNb:223,CameraNb:0,HeSaiNb:0,ARS410Nb:0
2026/08/02 16:24:00:485---->
heightOffset:0,1785659040485,1330171,selfCaliBufCnt:0,selfAccObjCnt:0,selfAccAngle:0,installHAngleOffset:0,Interpolation:0,installVAngleOffset:0,radarOffsetH:0,radarOffsetV:0.32,Polynom:-0.001023;-0.0511;-2.047;0;0;0;-0.001023;-0.0511;-2.047;-25.5;0;0,WheelDirection:0;0;0;0,selfAngleOffset:0,selfAngleOffsetPit:0,currCaliAngleHrz:0,currCaliAnglePit:0,selfCaliAngleHrz:0,selfCaliAnglePit:0,servCaliAngleHrz:0,servCaliAnglePit:0,offlineCaliAngleHrz:0,offlineCaliAnglePit:0,determine2useFlag:0,IMU_Z_Accel:0,IMU_X_AngularRate:0,IMU_Y_AngularRate:0,IMU_RollAngle:0,IMU_PitchAngle:0,IMU_YawAngle:0,FcwID:0,FCWWarningLevel:0,FCWTTC:0
16,16.56,-0.12,17.84,0,0,0,0,0,-5.0745,15.7625,0,-0.125,-17.7,0,0,0,0,0.0572958,0,0,0,0,96,0,0,0,0,0,0,55,0,0.00034,0.00034,0,0,0,0,0,0.8,0,0,0,0,0,0,1,0,0,0,0,0,0,0,0,30,0,,0,0,0,0,
20,6.92,0,-22.3,0,0,0,0,0,2.6255,6.4,0,0,4.9,0,0,0,0,0.0572958,0,0,0,0,82,0,0,0,0,0,0,55,0,0.00034,0.00034,0,0,0,0,0,1.6,0,0,0,0,0,0,1,0,0,0,0,0,0,0,0,99,0,,0,0,0,0,
21,9.29,0,-25.08,0,0,0,0,0,3.938,8.4125,-0.125,0,5.3,0,0,0,0,0.0572958,0,0,0,0,96,0,0,0,0,0,0,55,0,0.00034,0.00034,0,0,0,0,0,2.4,0,0,0,0,0,0,1,0,0,0,0,0,0,0,0,99,0,,0,0,0,0,
23,6.05,0,-1.66,0,0,0,0,0,0.1755,6.05,-0.125,0,-6.3,0,0,0,0,0.0572958,0,0,0,0,98,0,0,0,0,0,0,55,0,0.00034,0.00034,0,0,0,0,0,2,0,0,0,0,0,0,1,0,0,0,0,0,0,0,0,98,0,,0,0,0,0,
30,10.56,-0.08,-49.67,0,0,0,0,0,8.0505,6.8375,0,-0.125,23.1,0,0,0,0,0.0572958,0,0,0,0,65,0,0,0,0,0,0,55,0,0.00034,0.00034,0,0,0,0,0,0.8,0,0,0,0,0,0,1,0,0,0,0,0,0,0,0,99,0,,0,0,0,0,
76,6.32,0,13.61,0,0,0,0,0,-1.487,6.1375,0,0,5.7,0,0,0,0,0.0572958,0,0,0,0,98,0,0,0,0,0,0,55,0,0.00034,0.00034,0,0,0,0,0,6.2,0,0,0,0,0,0,1,0,0,0,0,0,0,0,0,98,0,,0,0,0,0,
115,11.42,0,11.04,0,0,0,0,0,-2.187,11.2125,0,0,-16.3,0,0,0,0,0.0572958,0,0,0,0,65,0,0,0,0,0,0,55,0,0.00034,0.00034,0,0,0,0,0,1,0,0,0,0,0,0,1,0,0,0,0,0,0,0,0,99,0,,0,0,0,0,
END,Total:7
START,FrameNb:224,CameraNb:0,HeSaiNb:0,ARS410Nb:0
2026/08/02 16:24:00:544---->
heightOffset:0,1785659040544,1330222,selfCaliBufCnt:0,selfAccObjCnt:0,selfAccAngle:0,installHAngleOffset:0,Interpolation:0,installVAngleOffset:0,radarOffsetH:0,radarOffsetV:0.32,Polynom:-0.001023;-0.0511;-2.047;0;0;0;-0.001023;-0.0511;-2.047;-25.5;0;0,WheelDirection:0;0;0;0,selfAngleOffset:0,selfAngleOffsetPit:0,currCaliAngleHrz:0,currCaliAnglePit:0,selfCaliAngleHrz:0,selfCaliAnglePit:0,servCaliAngleHrz:0,servCaliAnglePit:0,offlineCaliAngleHrz:0,offlineCaliAnglePit:0,determine2useFlag:0,IMU_Z_Accel:0,IMU_X_AngularRate:0,IMU_Y_AngularRate:0,IMU_RollAngle:0,IMU_PitchAngle:0,IMU_YawAngle:0,FcwID:0,FCWWarningLevel:0,FCWTTC:0
16,16.56,0,17.84,0,0,0,0,0,-5.0745,15.7625,0,0,-17.7,0,0,0,0,0.0572958,0,0,0,0,96,0,0,0,0,0,0,58,0,0.00034,0.00034,0,0,0,0,0,0.8,0,0,0,0,0,0,1,0,0,0,0,0,0,0,0,30,0,,0,0,0,0,
20,6.92,0,-22.3,0,0,0,0,0,2.6255,6.4,0,0,4.9,0,0,0,0,0.0572958,0,0,0,0,83,0,0,0,0,0,0,58,0,0.00034,0.00034,0,0,0,0,0,1.4,0,0,0,0,0,0,1,0,0,0,0,0,0,0,0,99,0,,0,0,0,0,
21,9.25,0,-24.6,0,0,0,0,0,3.8505,8.4125,-0.125,0,5.3,0,0,0,0,0.0572958,0,0,0,0,96,0,0,0,0,0,0,58,0,0.00034,0.00034,0,0,0,0,0,2,0,0,0,0,0,0,1,0,0,0,0,0,0,0,0,99,0,,0,0,0,0,
23,6.05,0,-1.66,0,0,0,0,0,0.1755,6.05,-0.125,0,-6.3,0,0,0,0,0.0572958,0,0,0,0,98,0,0,0,0,0,0,58,0,0.00034,0.00034,0,0,0,0,0,2,0,0,0,0,0,0,1,0,0,0,0,0,0,0,0,98,0,,0,0,0,0,
30,10.56,-0.08,-49.67,0,0,0,0,0,8.0505,6.8375,0,-0.125,22.9,0,0,0,0,0.0572958,0,0,0,0,65,0,0,0,0,0,0,58,0,0.00034,0.00034,0,0,0,0,0,0.8,0,0,0,0,0,0,1,0,0,0,0,0,0,0,0,99,0,,0,0,0,0,
76,6.32,0,13.61,0,0,0,0,0,-1.487,6.1375,0,0,5.7,0,0,0,0,0.0572958,0,0,0,0,98,0,0,0,0,0,0,58,0,0.00034,0.00034,0,0,0,0,0,6.2,0,0,0,0,0,0,1,0,0,0,0,0,0,0,0,98,0,,0,0,0,0,
115,11.42,-0.12,11.04,0,0,0,0,0,-2.187,11.2125,0,-0.125,-16.1,0,0,0,0,0.0572958,0,0,0,0,65,0,0,0,0,0,0,58,0,0.00034,0.00034,0,0,0,0,0,1,0,0,0,0,0,0,1,0,0,0,0,0,0,0,0,99,0,,0,0,0,0,
END,Total:7
START,FrameNb:225,CameraNb:0,HeSaiNb:0,ARS410Nb:0
2026/08/02 16:24:00:607---->
heightOffset:0,1785659040607,1330271,selfCaliBufCnt:0,selfAccObjCnt:0,selfAccAngle:0,installHAngleOffset:0,Interpolation:0,installVAngleOffset:0,radarOffsetH:0,radarOffsetV:0.32,Polynom:-0.001023;-0.0511;-2.047;0;0;0;-0.001023;-0.0511;-2.047;-25.5;0;0,WheelDirection:0;0;0;0,selfAngleOffset:0,selfAngleOffsetPit:0,currCaliAngleHrz:0,currCaliAnglePit:0,selfCaliAngleHrz:0,selfCaliAnglePit:0,servCaliAngleHrz:0,servCaliAnglePit:0,offlineCaliAngleHrz:0,offlineCaliAnglePit:0,determine2useFlag:0,IMU_Z_Accel:0,IMU_X_AngularRate:0,IMU_Y_AngularRate:0,IMU_RollAngle:0,IMU_PitchAngle:0,IMU_YawAngle:0,FcwID:0,FCWWarningLevel:0,FCWTTC:0
16,16.56,-0.12,17.84,0,0,0,0,0,-5.0745,15.7625,0,-0.125,-17.7,0,0,0,0,0.0572958,0,0,0,0,96,0,0,0,0,0,0,54,0,0.00034,0.00034,0,0,0,0,0,0.8,0,0,0,0,0,0,1,0,0,0,0,0,0,0,0,30,0,,0,0,0,0,
20,6.92,0,-22.3,0,0,0,0,0,2.6255,6.4,0,0,4.9,0,0,0,0,0.0572958,0,0,0,0,83,0,0,0,0,0,0,54,0,0.00034,0.00034,0,0,0,0,0,1.2,0,0,0,0,0,0,1,0,0,0,0,0,0,0,0,99,0,,0,0,0,0,
21,9.25,0,-24.6,0,0,0,0,0,3.8505,8.4125,-0.125,0,5.5,0,0,0,0,0.0572958,0,0,0,0,96,0,0,0,0,0,0,54,0,0.00034,0.00034,0,0,0,0,0,1.8,0,0,0,0,0,0,1,0,0,0,0,0,0,0,0,99,0,,0,0,0,0,
23,6.05,0,-1.66,0,0,0,0,0,0.1755,6.05,-0.125,0,-6.3,0,0,0,0,0.0572958,0,0,0,0,98,0,0,0,0,0,0,54,0,0.00034,0.00034,0,0,0,0,0,2,0,0,0,0,0,0,1,0,0,0,0,0,0,0,0,98,0,,0,0,0,0,
30,10.56,-0.08,-49.67,0,0,0,0,0,8.0505,6.8375,0,-0.125,22.7,0,0,0,0,0.0572958,0,0,0,0,65,0,0,0,0,0,0,54,0,0.00034,0.00034,0,0,0,0,0,0.8,0,0,0,0,0,0,1,0,0,0,0,0,0,0,0,99,0,,0,0,0,0,
76,6.32,0,13.61,0,0,0,0,0,-1.487,6.1375,0,0,5.7,0,0,0,0,0.0572958,0,0,0,0,98,0,0,0,0,0,0,54,0,0.00034,0.00034,0,0,0,0,0,6.2,0,0,0,0,0,0,1,0,0,0,0,0,0,0,0,98,0,,0,0,0,0,
115,11.42,-0.12,11.04,0,0,0,0,0,-2.187,11.2125,0,-0.125,-16.1,0,0,0,0,0.0572958,0,0,0,0,65,0,0,0,0,0,0,54,0,0.00034,0.00034,0,0,0,0,0,1.2,0,0,0,0,0,0,1,0,0,0,0,0,0,0,0,99,0,,0,0,0,0,
END,Total:7
START,FrameNb:226,CameraNb:0,HeSaiNb:0,ARS410Nb:0
2026/08/02 16:24:00:635---->
heightOffset:0,1785659040635,1330321,selfCaliBufCnt:0,selfAccObjCnt:0,selfAccAngle:0,installHAngleOffset:0,Interpolation:0,installVAngleOffset:0,radarOffsetH:0,radarOffsetV:0.32,Polynom:-0.001023;-0.0511;-2.047;0;0;0;-0.001023;-0.0511;-2.047;-25.5;0;0,WheelDirection:0;0;0;0,selfAngleOffset:0,selfAngleOffsetPit:0,currCaliAngleHrz:0,currCaliAnglePit:0,selfCaliAngleHrz:0,selfCaliAnglePit:0,servCaliAngleHrz:0,servCaliAnglePit:0,offlineCaliAngleHrz:0,offlineCaliAnglePit:0,determine2useFlag:0,IMU_Z_Accel:0,IMU_X_AngularRate:0,IMU_Y_AngularRate:0,IMU_RollAngle:0,IMU_PitchAngle:0,IMU_YawAngle:0,FcwID:0,FCWWarningLevel:0,FCWTTC:0
16,16.56,0,17.84,0,0,0,0,0,-5.0745,15.7625,0,0,-17.7,0,0,0,0,0.0572958,0,0,0,0,96,0,0,0,0,0,0,62,0,0.00034,0.00034,0,0,0,0,0,0.8,0,0,0,0,0,0,1,0,0,0,0,0,0,0,0,30,0,,0,0,0,0,
20,6.92,0,-22.3,0,0,0,0,0,2.6255,6.4,0,0,4.9,0,0,0,0,0.0572958,0,0,0,0,84,0,0,0,0,0,0,62,0,0.00034,0.00034,0,0,0,0,0,1.2,0,0,0,0,0,0,1,0,0,0,0,0,0,0,0,99,0,,0,0,0,0,
21,9.25,0,-24.6,0,0,0,0,0,3.8505,8.4125,-0.125,0,5.3,0,0,0,0,0.0572958,0,0,0,0,96,0,0,0,0,0,0,62,0,0.00034,0.00034,0,0,0,0,0,1.6,0,0,0,0,0,0,1,0,0,0,0,0,0,0,0,99,0,,0,0,0,0,
23,6.05,0,-1.66,0,0,0,0,0,0.1755,6.05,-0.125,0,-6.3,0,0,0,0,0.0572958,0,0,0,0,98,0,0,0,0,0,0,62,0,0.00034,0.00034,0,0,0,0,0,2,0,0,0,0,0,0,1,0,0,0,0,0,0,0,0,98,0,,0,0,0,0,
30,10.56,-0.08,-49.67,0,0,0,0,0,8.0505,6.8375,0,-0.125,22.7,0,0,0,0,0.0572958,0,0,0,0,65,0,0,0,0,0,0,62,0,0.00034,0.00034,0,0,0,0,0,0.8,0,0,0,0,0,0,1,0,0,0,0,0,0,0,0,99,0,,0,0,0,0,
76,6.32,0,13.61,0,0,0,0,0,-1.487,6.1375,-0.125,0,5.7,0,0,0,0,0.0572958,0,0,0,0,98,0,0,0,0,0,0,62,0,0.00034,0.00034,0,0,0,0,0,6.2,0,0,0,0,0,0,1,0,0,0,0,0,0,0,0,98,0,,0,0,0,0,
115,11.42,-0.12,11.04,0,0,0,0,0,-2.187,11.2125,0,-0.125,-16.1,0,0,0,0,0.0572958,0,0,0,0,65,0,0,0,0,0,0,62,0,0.00034,0.00034,0,0,0,0,0,1,0,0,0,0,0,0,1,0,0,0,0,0,0,0,0,99,0,,0,0,0,0,
END,Total:7
START,FrameNb:227,CameraNb:0,HeSaiNb:0,ARS410Nb:0
2026/08/02 16:24:00:690---->
heightOffset:0,1785659040690,1330371,selfCaliBufCnt:0,selfAccObjCnt:0,selfAccAngle:0,installHAngleOffset:0,Interpolation:0,installVAngleOffset:0,radarOffsetH:0,radarOffsetV:0.32,Polynom:-0.001023;-0.0511;-2.047;0;0;0;-0.001023;-0.0511;-2.047;-25.5;0;0,WheelDirection:0;0;0;0,selfAngleOffset:0,selfAngleOffsetPit:0,currCaliAngleHrz:0,currCaliAnglePit:0,selfCaliAngleHrz:0,selfCaliAnglePit:0,servCaliAngleHrz:0,servCaliAnglePit:0,offlineCaliAngleHrz:0,offlineCaliAnglePit:0,determine2useFlag:0,IMU_Z_Accel:0,IMU_X_AngularRate:0,IMU_Y_AngularRate:0,IMU_RollAngle:0,IMU_PitchAngle:0,IMU_YawAngle:0,FcwID:0,FCWWarningLevel:0,FCWTTC:0
16,16.56,0,17.84,0,0,0,0,0,-5.0745,15.7625,0,0,-17.7,0,0,0,0,0.0572958,0,0,0,0,96,0,0,0,0,0,0,58,0,0.00034,0.00034,0,0,0,0,0,0.8,0,0,0,0,0,0,1,0,0,0,0,0,0,0,0,30,0,,0,0,0,0,
20,6.92,0,-22.3,0,0,0,0,0,2.6255,6.4,0,0,4.9,0,0,0,0,0.0572958,0,0,0,0,85,0,0,0,0,0,0,58,0,0.00034,0.00034,0,0,0,0,0,1,0,0,0,0,0,0,1,0,0,0,0,0,0,0,0,99,0,,0,0,0,0,
21,9.25,0,-24.6,0,0,0,0,0,3.8505,8.4125,-0.125,0,5.5,0,0,0,0,0.0572958,0,0,0,0,96,0,0,0,0,0,0,58,0,0.00034,0.00034,0,0,0,0,0,1.4,0,0,0,0,0,0,1,0,0,0,0,0,0,0,0,99,0,,0,0,0,0,
23,6.05,0,-1.66,0,0,0,0,0,0.1755,6.05,-0.125,0,-6.3,0,0,0,0,0.0572958,0,0,0,0,98,0,0,0,0,0,0,58,0,0.00034,0.00034,0,0,0,0,0,2,0,0,0,0,0,0,1,0,0,0,0,0,0,0,0,98,0,,0,0,0,0,
30,10.56,-0.08,-49.67,0,0,0,0,0,8.0505,6.8375,0,-0.125,22.7,0,0,0,0,0.0572958,0,0,0,0,65,0,0,0,0,0,0,58,0,0.00034,0.00034,0,0,0,0,0,0.8,0,0,0,0,0,0,1,0,0,0,0,0,0,0,0,99,0,,0,0,0,0,
76,6.32,0,13.61,0,0,0,0,0,-1.487,6.1375,0,0,5.7,0,0,0,0,0.0572958,0,0,0,0,98,0,0,0,0,0,0,58,0,0.00034,0.00034,0,0,0,0,0,6.2,0,0,0,0,0,0,1,0,0,0,0,0,0,0,0,98,0,,0,0,0,0,
115,11.42,-0.12,11.04,0,0,0,0,0,-2.187,11.2125,0,-0.125,-16.1,0,0,0,0,0.0572958,0,0,0,0,65,0,0,0,0,0,0,58,0,0.00034,0.00034,0,0,0,0,0,1.2,0,0,0,0,0,0,1,0,0,0,0,0,0,0,0,99,0,,0,0,0,0,
END,Total:7
START,FrameNb:228,CameraNb:0,HeSaiNb:0,ARS410Nb:0
2026/08/02 16:24:00:729---->
heightOffset:0,1785659040729,1330421,selfCaliBufCnt:0,selfAccObjCnt:0,selfAccAngle:0,installHAngleOffset:0,Interpolation:0,installVAngleOffset:0,radarOffsetH:0,radarOffsetV:0.32,Polynom:-0.001023;-0.0511;-2.047;0;0;0;-0.001023;-0.0511;-2.047;-25.5;0;0,WheelDirection:0;0;0;0,selfAngleOffset:0,selfAngleOffsetPit:0,currCaliAngleHrz:0,currCaliAnglePit:0,selfCaliAngleHrz:0,selfCaliAnglePit:0,servCaliAngleHrz:0,servCaliAnglePit:0,offlineCaliAngleHrz:0,offlineCaliAnglePit:0,determine2useFlag:0,IMU_Z_Accel:0,IMU_X_AngularRate:0,IMU_Y_AngularRate:0,IMU_RollAngle:0,IMU_PitchAngle:0,IMU_YawAngle:0,FcwID:0,FCWWarningLevel:0,FCWTTC:0
16,16.56,0,17.84,0,0,0,0,0,-5.0745,15.7625,0,0,-17.7,0,0,0,0,0.0572958,0,0,0,0,96,0,0,0,0,0,0,60,0,0.00034,0.00034,0,0,0,0,0,0.8,0,0,0,0,0,0,1,0,0,0,0,0,0,0,0,30,0,,0,0,0,0,
20,6.92,0,-22.3,0,0,0,0,0,2.6255,6.4,0,0,4.9,0,0,0,0,0.0572958,0,0,0,0,85,0,0,0,0,0,0,60,0,0.00034,0.00034,0,0,0,0,0,1,0,0,0,0,0,0,1,0,0,0,0,0,0,0,0,99,0,,0,0,0,0,
21,9.25,0,-24.6,0,0,0,0,0,3.8505,8.4125,-0.125,0,5.7,0,0,0,0,0.0572958,0,0,0,0,96,0,0,0,0,0,0,60,0,0.00034,0.00034,0,0,0,0,0,1.2,0,0,0,0,0,0,1,0,0,0,0,0,0,0,0,99,0,,0,0,0,0,
23,6.05,0,-1.66,0,0,0,0,0,0.1755,6.05,0,0,-6.3,0,0,0,0,0.0572958,0,0,0,0,98,0,0,0,0,0,0,60,0,0.00034,0.00034,0,0,0,0,0,2,0,0,0,0,0,0,1,0,0,0,0,0,0,0,0,98,0,,0,0,0,0,
30,10.56,-0.08,-49.67,0,0,0,0,0,8.0505,6.8375,0,-0.125,22.5,0,0,0,0,0.0572958,0,0,0,0,65,0,0,0,0,0,0,60,0,0.00034,0.00034,0,0,0,0,0,0.8,0,0,0,0,0,0,1,0,0,0,0,0,0,0,0,99,0,,0,0,0,0,
76,6.32,0,13.61,0,0,0,0,0,-1.487,6.1375,-0.125,0,5.7,0,0,0,0,0.0572958,0,0,0,0,98,0,0,0,0,0,0,60,0,0.00034,0.00034,0,0,0,0,0,6.2,0,0,0,0,0,0,1,0,0,0,0,0,0,0,0,98,0,,0,0,0,0,
115,11.42,-0.12,11.04,0,0,0,0,0,-2.187,11.2125,0,-0.125,-16.1,0,0,0,0,0.0572958,0,0,0,0,65,0,0,0,0,0,0,60,0,0.00034,0.00034,0,0,0,0,0,1.2,0,0,0,0,0,0,1,0,0,0,0,0,0,0,0,99,0,,0,0,0,0,
END,Total:7
START,FrameNb:229,CameraNb:0,HeSaiNb:0,ARS410Nb:0
2026/08/02 16:24:00:792---->
heightOffset:0,1785659040792,1330472,selfCaliBufCnt:0,selfAccObjCnt:0,selfAccAngle:0,installHAngleOffset:0,Interpolation:0,installVAngleOffset:0,radarOffsetH:0,radarOffsetV:0.32,Polynom:-0.001023;-0.0511;-2.047;0;0;0;-0.001023;-0.0511;-2.047;-25.5;0;0,WheelDirection:0;0;0;0,selfAngleOffset:0,selfAngleOffsetPit:0,currCaliAngleHrz:0,currCaliAnglePit:0,selfCaliAngleHrz:0,selfCaliAnglePit:0,servCaliAngleHrz:0,servCaliAnglePit:0,offlineCaliAngleHrz:0,offlineCaliAnglePit:0,determine2useFlag:0,IMU_Z_Accel:0,IMU_X_AngularRate:0,IMU_Y_AngularRate:0,IMU_RollAngle:0,IMU_PitchAngle:0,IMU_YawAngle:0,FcwID:0,FCWWarningLevel:0,FCWTTC:0
16,16.56,0,17.84,0,0,0,0,0,-5.0745,15.7625,0,0,-17.7,0,0,0,0,0.0572958,0,0,0,0,96,0,0,0,0,0,0,55,0,0.00034,0.00034,0,0,0,0,0,0.8,0,0,0,0,0,0,1,0,0,0,0,0,0,0,0,30,0,,0,0,0,0,
20,6.92,0,-22.3,0,0,0,0,0,2.6255,6.4,0,0,4.9,0,0,0,0,0.0572958,0,0,0,0,85,0,0,0,0,0,0,55,0,0.00034,0.00034,0,0,0,0,0,1,0,0,0,0,0,0,1,0,0,0,0,0,0,0,0,99,0,,0,0,0,0,
21,9.25,0,-24.6,0,0,0,0,0,3.8505,8.4125,-0.125,0,5.7,0,0,0,0,0.0572958,0,0,0,0,96,0,0,0,0,0,0,55,0,0.00034,0.00034,0,0,0,0,0,1.2,0,0,0,0,0,0,1,0,0,0,0,0,0,0,0,99,0,,0,0,0,0,
23,6.05,0,-1.66,0,0,0,0,0,0.1755,6.05,0,0,-6.3,0,0,0,0,0.0572958,0,0,0,0,98,0,0,0,0,0,0,55,0,0.00034,0.00034,0,0,0,0,0,2,0,0,0,0,0,0,1,0,0,0,0,0,0,0,0,98,0,,0,0,0,0,
30,10.56,-0.08,-49.67,0,0,0,0,0,8.0505,6.8375,0,-0.125,22.5,0,0,0,0,0.0572958,0,0,0,0,65,0,0,0,0,0,0,55,0,0.00034,0.00034,0,0,0,0,0,0.8,0,0,0,0,0,0,1,0,0,0,0,0,0,0,0,99,0,,0,0,0,0,
76,6.32,0,13.61,0,0,0,0,0,-1.487,6.1375,-0.125,0,5.7,0,0,0,0,0.0572958,0,0,0,0,98,0,0,0,0,0,0,55,0,0.00034,0.00034,0,0,0,0,0,6.2,0,0,0,0,0,0,1,0,0,0,0,0,0,0,0,98,0,,0,0,0,0,
115,11.42,-0.12,11.04,0,0,0,0,0,-2.187,11.2125,0,-0.125,-16.1,0,0,0,0,0.0572958,0,0,0,0,65,0,0,0,0,0,0,55,0,0.00034,0.00034,0,0,0,0,0,1.2,0,0,0,0,0,0,1,0,0,0,0,0,0,0,0,99,0,,0,0,0,0,
END,Total:7
START,FrameNb:230,CameraNb:0,HeSaiNb:0,ARS410Nb:0
2026/08/02 16:24:00:855---->
heightOffset:0,1785659040855,1330522,selfCaliBufCnt:0,selfAccObjCnt:0,selfAccAngle:0,installHAngleOffset:0,Interpolation:0,installVAngleOffset:0,radarOffsetH:0,radarOffsetV:0.32,Polynom:-0.001023;-0.0511;-2.047;0;0;0;-0.001023;-0.0511;-2.047;-25.5;0;0,WheelDirection:0;0;0;0,selfAngleOffset:0,selfAngleOffsetPit:0,currCaliAngleHrz:0,currCaliAnglePit:0,selfCaliAngleHrz:0,selfCaliAnglePit:0,servCaliAngleHrz:0,servCaliAnglePit:0,offlineCaliAngleHrz:0,offlineCaliAnglePit:0,determine2useFlag:0,IMU_Z_Accel:0,IMU_X_AngularRate:0,IMU_Y_AngularRate:0,IMU_RollAngle:0,IMU_PitchAngle:0,IMU_YawAngle:0,FcwID:0,FCWWarningLevel:0,FCWTTC:0
16,16.56,0,17.84,0,0,0,0,0,-5.0745,15.7625,0,0,-17.7,0,0,0,0,0.0572958,0,0,0,0,96,0,0,0,0,0,0,55,0,0.00034,0.00034,0,0,0,0,0,0.8,0,0,0,0,0,0,1,0,0,0,0,0,0,0,0,30,0,,0,0,0,0,
20,6.92,0,-22.3,0,0,0,0,0,2.6255,6.4,0,0,4.9,0,0,0,0,0.0572958,0,0,0,0,86,0,0,0,0,0,0,55,0,0.00034,0.00034,0,0,0,0,0,1,0,0,0,0,0,0,1,0,0,0,0,0,0,0,0,99,0,,0,0,0,0,
21,9.25,0,-24.6,0,0,0,0,0,3.8505,8.4125,-0.125,0,5.7,0,0,0,0,0.0572958,0,0,0,0,96,0,0,0,0,0,0,55,0,0.00034,0.00034,0,0,0,0,0,1.2,0,0,0,0,0,0,1,0,0,0,0,0,0,0,0,99,0,,0,0,0,0,
23,6.05,0,-1.66,0,0,0,0,0,0.1755,6.05,-0.125,0,-6.3,0,0,0,0,0.0572958,0,0,0,0,98,0,0,0,0,0,0,55,0,0.00034,0.00034,0,0,0,0,0,2,0,0,0,0,0,0,1,0,0,0,0,0,0,0,0,98,0,,0,0,0,0,
30,10.56,-0.08,-49.67,0,0,0,0,0,8.0505,6.8375,0,-0.125,22.5,0,0,0,0,0.0572958,0,0,0,0,65,0,0,0,0,0,0,55,0,0.00034,0.00034,0,0,0,0,0,0.8,0,0,0,0,0,0,1,0,0,0,0,0,0,0,0,99,0,,0,0,0,0,
76,6.32,0,13.61,0,0,0,0,0,-1.487,6.1375,0,0,5.7,0,0,0,0,0.0572958,0,0,0,0,98,0,0,0,0,0,0,55,0,0.00034,0.00034,0,0,0,0,0,6.2,0,0,0,0,0,0,1,0,0,0,0,0,0,0,0,98,0,,0,0,0,0,
115,11.42,-0.12,11.04,0,0,0,0,0,-2.187,11.2125,0,-0.125,-16.1,0,0,0,0,0.0572958,0,0,0,0,65,0,0,0,0,0,0,55,0,0.00034,0.00034,0,0,0,0,0,1,0,0,0,0,0,0,1,0,0,0,0,0,0,0,0,99,0,,0,0,0,0,
END,Total:7
START,FrameNb:231,CameraNb:0,HeSaiNb:0,ARS410Nb:0
2026/08/02 16:24:00:902---->
heightOffset:0,1785659040902,1330571,selfCaliBufCnt:0,selfAccObjCnt:0,selfAccAngle:0,installHAngleOffset:0,Interpolation:0,installVAngleOffset:0,radarOffsetH:0,radarOffsetV:0.32,Polynom:-0.001023;-0.0511;-2.047;0;0;0;-0.001023;-0.0511;-2.047;-25.5;0;0,WheelDirection:0;0;0;0,selfAngleOffset:0,selfAngleOffsetPit:0,currCaliAngleHrz:0,currCaliAnglePit:0,selfCaliAngleHrz:0,selfCaliAnglePit:0,servCaliAngleHrz:0,servCaliAnglePit:0,offlineCaliAngleHrz:0,offlineCaliAnglePit:0,determine2useFlag:0,IMU_Z_Accel:0,IMU_X_AngularRate:0,IMU_Y_AngularRate:0,IMU_RollAngle:0,IMU_PitchAngle:0,IMU_YawAngle:0,FcwID:0,FCWWarningLevel:0,FCWTTC:0
16,16.56,0,17.84,0,0,0,0,0,-5.0745,15.7625,0,0,-17.7,0,0,0,0,0.0572958,0,0,0,0,96,0,0,0,0,0,0,58,0,0.00034,0.00034,0,0,0,0,0,0.8,0,0,0,0,0,0,1,0,0,0,0,0,0,0,0,30,0,,0,0,0,0,
20,6.92,0,-22.3,0,0,0,0,0,2.6255,6.4,0,0,4.9,0,0,0,0,0.0572958,0,0,0,0,87,0,0,0,0,0,0,58,0,0.00034,0.00034,0,0,0,0,0,1,0,0,0,0,0,0,1,0,0,0,0,0,0,0,0,99,0,,0,0,0,0,
21,9.25,0,-24.6,0,0,0,0,0,3.8505,8.4125,-0.125,0,5.5,0,0,0,0,0.0572958,0,0,0,0,96,0,0,0,0,0,0,58,0,0.00034,0.00034,0,0,0,0,0,1.2,0,0,0,0,0,0,1,0,0,0,0,0,0,0,0,99,0,,0,0,0,0,
23,6.05,0,-1.66,0,0,0,0,0,0.1755,6.05,-0.125,0,-6.3,0,0,0,0,0.0572958,0,0,0,0,98,0,0,0,0,0,0,58,0,0.00034,0.00034,0,0,0,0,0,2,0,0,0,0,0,0,1,0,0,0,0,0,0,0,0,98,0,,0,0,0,0,
30,10.56,-0.08,-49.67,0,0,0,0,0,8.0505,6.8375,0,-0.125,22.5,0,0,0,0,0.0572958,0,0,0,0,65,0,0,0,0,0,0,58,0,0.00034,0.00034,0,0,0,0,0,0.8,0,0,0,0,0,0,1,0,0,0,0,0,0,0,0,99,0,,0,0,0,0,
76,6.32,0,13.61,0,0,0,0,0,-1.487,6.1375,-0.125,0,5.7,0,0,0,0,0.0572958,0,0,0,0,98,0,0,0,0,0,0,58,0,0.00034,0.00034,0,0,0,0,0,6.2,0,0,0,0,0,0,1,0,0,0,0,0,0,0,0,98,0,,0,0,0,0,
115,11.42,-0.12,11.04,0,0,0,0,0,-2.187,11.2125,0,-0.125,-16.1,0,0,0,0,0.0572958,0,0,0,0,65,0,0,0,0,0,0,58,0,0.00034,0.00034,0,0,0,0,0,1.2,0,0,0,0,0,0,1,0,0,0,0,0,0,0,0,99,0,,0,0,0,0,
END,Total:7
START,FrameNb:232,CameraNb:0,HeSaiNb:0,ARS410Nb:0
2026/08/02 16:24:00:960---->
heightOffset:0,1785659040960,1330623,selfCaliBufCnt:0,selfAccObjCnt:0,selfAccAngle:0,installHAngleOffset:0,Interpolation:0,installVAngleOffset:0,radarOffsetH:0,radarOffsetV:0.32,Polynom:-0.001023;-0.0511;-2.047;0;0;0;-0.001023;-0.0511;-2.047;-25.5;0;0,WheelDirection:0;0;0;0,selfAngleOffset:0,selfAngleOffsetPit:0,currCaliAngleHrz:0,currCaliAnglePit:0,selfCaliAngleHrz:0,selfCaliAnglePit:0,servCaliAngleHrz:0,servCaliAnglePit:0,offlineCaliAngleHrz:0,offlineCaliAnglePit:0,determine2useFlag:0,IMU_Z_Accel:0,IMU_X_AngularRate:0,IMU_Y_AngularRate:0,IMU_RollAngle:0,IMU_PitchAngle:0,IMU_YawAngle:0,FcwID:0,FCWWarningLevel:0,FCWTTC:0
16,16.56,0,17.84,0,0,0,0,0,-5.0745,15.7625,0,0,-17.7,0,0,0,0,0.0572958,0,0,0,0,96,0,0,0,0,0,0,54,0,0.00034,0.00034,0,0,0,0,0,0.8,0,0,0,0,0,0,1,0,0,0,0,0,0,0,0,30,0,,0,0,0,0,
20,6.92,0,-22.3,0,0,0,0,0,2.6255,6.4,0,0,4.9,0,0,0,0,0.0572958,0,0,0,0,88,0,0,0,0,0,0,54,0,0.00034,0.00034,0,0,0,0,0,1,0,0,0,0,0,0,1,0,0,0,0,0,0,0,0,99,0,,0,0,0,0,
21,9.25,0,-24.6,0,0,0,0,0,3.8505,8.4125,-0.125,0,5.5,0,0,0,0,0.0572958,0,0,0,0,96,0,0,0,0,0,0,54,0,0.00034,0.00034,0,0,0,0,0,1,0,0,0,0,0,0,1,0,0,0,0,0,0,0,0,99,0,,0,0,0,0,
23,6.05,0,-1.66,0,0,0,0,0,0.1755,6.05,-0.125,0,-6.3,0,0,0,0,0.0572958,0,0,0,0,98,0,0,0,0,0,0,54,0,0.00034,0.00034,0,0,0,0,0,2,0,0,0,0,0,0,1,0,0,0,0,0,0,0,0,98,0,,0,0,0,0,
30,10.56,-0.08,-49.67,0,0,0,0,0,8.0505,6.8375,0,-0.125,22.5,0,0,0,0,0.0572958,0,0,0,0,65,0,0,0,0,0,0,54,0,0.00034,0.00034,0,0,0,0,0,0.8,0,0,0,0,0,0,1,0,0,0,0,0,0,0,0,99,0,,0,0,0,0,
76,6.32,0,13.61,0,0,0,0,0,-1.487,6.1375,0,0,5.7,0,0,0,0,0.0572958,0,0,0,0,98,0,0,0,0,0,0,54,0,0.00034,0.00034,0,0,0,0,0,6.2,0,0,0,0,0,0,1,0,0,0,0,0,0,0,0,98,0,,0,0,0,0,
115,11.42,-0.12,11.04,0,0,0,0,0,-2.187,11.2125,0,-0.125,-16.1,0,0,0,0,0.0572958,0,0,0,0,65,0,0,0,0,0,0,54,0,0.00034,0.00034,0,0,0,0,0,1.2,0,0,0,0,0,0,1,0,0,0,0,0,0,0,0,99,0,,0,0,0,0,
END,Total:7
START,FrameNb:233,CameraNb:0,HeSaiNb:0,ARS410Nb:0
2026/08/02 16:24:00:986---->
heightOffset:0,1785659040986,1330671,selfCaliBufCnt:0,selfAccObjCnt:0,selfAccAngle:0,installHAngleOffset:0,Interpolation:0,installVAngleOffset:0,radarOffsetH:0,radarOffsetV:0.32,Polynom:-0.001023;-0.0511;-2.047;0;0;0;-0.001023;-0.0511;-2.047;-25.5;0;0,WheelDirection:0;0;0;0,selfAngleOffset:0,selfAngleOffsetPit:0,currCaliAngleHrz:0,currCaliAnglePit:0,selfCaliAngleHrz:0,selfCaliAnglePit:0,servCaliAngleHrz:0,servCaliAnglePit:0,offlineCaliAngleHrz:0,offlineCaliAnglePit:0,determine2useFlag:0,IMU_Z_Accel:0,IMU_X_AngularRate:0,IMU_Y_AngularRate:0,IMU_RollAngle:0,IMU_PitchAngle:0,IMU_YawAngle:0,FcwID:0,FCWWarningLevel:0,FCWTTC:0
16,16.56,0,17.84,0,0,0,0,0,-5.0745,15.7625,0,0,-17.9,0,0,0,0,0.0572958,0,0,0,0,96,0,0,0,0,0,0,58,0,0.00034,0.00034,0,0,0,0,0,0.8,0,0,0,0,0,0,1,0,0,0,0,0,0,0,0,30,0,,0,0,0,0,
20,6.92,0,-22.3,0,0,0,0,0,2.6255,6.4,0,0,4.9,0,0,0,0,0.0572958,0,0,0,0,88,0,0,0,0,0,0,58,0,0.00034,0.00034,0,0,0,0,0,1,0,0,0,0,0,0,1,0,0,0,0,0,0,0,0,99,0,,0,0,0,0,
21,9.25,0,-24.6,0,0,0,0,0,3.8505,8.4125,-0.125,0,5.3,0,0,0,0,0.0572958,0,0,0,0,96,0,0,0,0,0,0,58,0,0.00034,0.00034,0,0,0,0,0,1,0,0,0,0,0,0,1,0,0,0,0,0,0,0,0,99,0,,0,0,0,0,
23,6.05,0,-1.66,0,0,0,0,0,0.1755,6.05,0,0,-6.3,0,0,0,0,0.0572958,0,0,0,0,98,0,0,0,0,0,0,58,0,0.00034,0.00034,0,0,0,0,0,2,0,0,0,0,0,0,1,0,0,0,0,0,0,0,0,98,0,,0,0,0,0,
30,10.56,-0.08,-49.67,0,0,0,0,0,8.0505,6.8375,0,-0.125,22.5,0,0,0,0,0.0572958,0,0,0,0,65,0,0,0,0,0,0,58,0,0.00034,0.00034,0,0,0,0,0,0.8,0,0,0,0,0,0,1,0,0,0,0,0,0,0,0,99,0,,0,0,0,0,
76,6.32,0,13.61,0,0,0,0,0,-1.487,6.1375,-0.125,0,5.7,0,0,0,0,0.0572958,0,0,0,0,98,0,0,0,0,0,0,58,0,0.00034,0.00034,0,0,0,0,0,6.2,0,0,0,0,0,0,1,0,0,0,0,0,0,0,0,98,0,,0,0,0,0,
115,11.42,-0.12,11.04,0,0,0,0,0,-2.187,11.2125,0,-0.125,-16.1,0,0,0,0,0.0572958,0,0,0,0,65,0,0,0,0,0,0,58,0,0.00034,0.00034,0,0,0,0,0,1,0,0,0,0,0,0,1,0,0,0,0,0,0,0,0,99,0,,0,0,0,0,
END,Total:7
START,FrameNb:234,CameraNb:0,HeSaiNb:0,ARS410Nb:0
2026/08/02 16:24:01:046---->
heightOffset:0,1785659041046,1330721,selfCaliBufCnt:0,selfAccObjCnt:0,selfAccAngle:0,installHAngleOffset:0,Interpolation:0,installVAngleOffset:0,radarOffsetH:0,radarOffsetV:0.32,Polynom:-0.001023;-0.0511;-2.047;0;0;0;-0.001023;-0.0511;-2.047;-25.5;0;0,WheelDirection:0;0;0;0,selfAngleOffset:0,selfAngleOffsetPit:0,currCaliAngleHrz:0,currCaliAnglePit:0,selfCaliAngleHrz:0,selfCaliAnglePit:0,servCaliAngleHrz:0,servCaliAnglePit:0,offlineCaliAngleHrz:0,offlineCaliAnglePit:0,determine2useFlag:0,IMU_Z_Accel:0,IMU_X_AngularRate:0,IMU_Y_AngularRate:0,IMU_RollAngle:0,IMU_PitchAngle:0,IMU_YawAngle:0,FcwID:0,FCWWarningLevel:0,FCWTTC:0
16,16.56,0,17.84,0,0,0,0,0,-5.0745,15.7625,0,0,-17.7,0,0,0,0,0.0572958,0,0,0,0,96,0,0,0,0,0,0,57,0,0.00034,0.00034,0,0,0,0,0,0.8,0,0,0,0,0,0,1,0,0,0,0,0,0,0,0,30,0,,0,0,0,0,
20,6.92,0,-22.3,0,0,0,0,0,2.6255,6.4,0,0,4.9,0,0,0,0,0.0572958,0,0,0,0,89,0,0,0,0,0,0,57,0,0.00034,0.00034,0,0,0,0,0,1,0,0,0,0,0,0,1,0,0,0,0,0,0,0,0,99,0,,0,0,0,0,
21,9.25,0,-24.6,0,0,0,0,0,3.8505,8.4125,-0.125,0,5.3,0,0,0,0,0.0572958,0,0,0,0,96,0,0,0,0,0,0,57,0,0.00034,0.00034,0,0,0,0,0,1,0,0,0,0,0,0,1,0,0,0,0,0,0,0,0,99,0,,0,0,0,0,
23,6.05,0,-1.66,0,0,0,0,0,0.1755,6.05,-0.125,0,-6.3,0,0,0,0,0.0572958,0,0,0,0,98,0,0,0,0,0,0,57,0,0.00034,0.00034,0,0,0,0,0,2,0,0,0,0,0,0,1,0,0,0,0,0,0,0,0,98,0,,0,0,0,0,
30,10.56,-0.08,-49.67,0,0,0,0,0,8.0505,6.8375,0,-0.125,22.5,0,0,0,0,0.0572958,0,0,0,0,65,0,0,0,0,0,0,57,0,0.00034,0.00034,0,0,0,0,0,0.8,0,0,0,0,0,0,1,0,0,0,0,0,0,0,0,99,0,,0,0,0,0,
76,6.32,0,13.61,0,0,0,0,0,-1.487,6.1375,0,0,5.7,0,0,0,0,0.0572958,0,0,0,0,98,0,0,0,0,0,0,57,0,0.00034,0.00034,0,0,0,0,0,6.2,0,0,0,0,0,0,1,0,0,0,0,0,0,0,0,98,0,,0,0,0,0,
115,11.42,-0.12,11.04,0,0,0,0,0,-2.187,11.2125,0,-0.125,-16.1,0,0,0,0,0.0572958,0,0,0,0,65,0,0,0,0,0,0,57,0,0.00034,0.00034,0,0,0,0,0,1,0,0,0,0,0,0,1,0,0,0,0,0,0,0,0,99,0,,0,0,0,0,
END,Total:7
START,FrameNb:235,CameraNb:0,HeSaiNb:0,ARS410Nb:0
2026/08/02 16:24:01:088---->
heightOffset:0,1785659041088,1330771,selfCaliBufCnt:0,selfAccObjCnt:0,selfAccAngle:0,installHAngleOffset:0,Interpolation:0,installVAngleOffset:0,radarOffsetH:0,radarOffsetV:0.32,Polynom:-0.001023;-0.0511;-2.047;0;0;0;-0.001023;-0.0511;-2.047;-25.5;0;0,WheelDirection:0;0;0;0,selfAngleOffset:0,selfAngleOffsetPit:0,currCaliAngleHrz:0,currCaliAnglePit:0,selfCaliAngleHrz:0,selfCaliAnglePit:0,servCaliAngleHrz:0,servCaliAnglePit:0,offlineCaliAngleHrz:0,offlineCaliAnglePit:0,determine2useFlag:0,IMU_Z_Accel:0,IMU_X_AngularRate:0,IMU_Y_AngularRate:0,IMU_RollAngle:0,IMU_PitchAngle:0,IMU_YawAngle:0,FcwID:0,FCWWarningLevel:0,FCWTTC:0
16,16.56,0,17.84,0,0,0,0,0,-5.0745,15.7625,0,0,-17.7,0,0,0,0,0.0572958,0,0,0,0,96,0,0,0,0,0,0,63,0,0.00034,0.00034,0,0,0,0,0,0.8,0,0,0,0,0,0,1,0,0,0,0,0,0,0,0,30,0,,0,0,0,0,
20,6.92,0,-22.3,0,0,0,0,0,2.6255,6.4,0,0,4.9,0,0,0,0,0.0572958,0,0,0,0,90,0,0,0,0,0,0,63,0,0.00034,0.00034,0,0,0,0,0,1,0,0,0,0,0,0,1,0,0,0,0,0,0,0,0,99,0,,0,0,0,0,
21,9.25,0,-24.6,0,0,0,0,0,3.8505,8.4125,-0.125,0,5.3,0,0,0,0,0.0572958,0,0,0,0,96,0,0,0,0,0,0,63,0,0.00034,0.00034,0,0,0,0,0,1,0,0,0,0,0,0,1,0,0,0,0,0,0,0,0,99,0,,0,0,0,0,
23,6.05,0,-1.66,0,0,0,0,0,0.1755,6.05,-0.125,0,-6.3,0,0,0,0,0.0572958,0,0,0,0,98,0,0,0,0,0,0,63,0,0.00034,0.00034,0,0,0,0,0,2,0,0,0,0,0,0,1,0,0,0,0,0,0,0,0,98,0,,0,0,0,0,
30,10.56,-0.08,-49.67,0,0,0,0,0,8.0505,6.8375,0,-0.125,22.5,0,0,0,0,0.0572958,0,0,0,0,65,0,0,0,0,0,0,63,0,0.00034,0.00034,0,0,0,0,0,0.8,0,0,0,0,0,0,1,0,0,0,0,0,0,0,0,99,0,,0,0,0,0,
76,6.32,0,13.61,0,0,0,0,0,-1.487,6.1375,-0.125,0,5.7,0,0,0,0,0.0572958,0,0,0,0,98,0,0,0,0,0,0,63,0,0.00034,0.00034,0,0,0,0,0,6.2,0,0,0,0,0,0,1,0,0,0,0,0,0,0,0,98,0,,0,0,0,0,
115,11.42,0,11.04,0,0,0,0,0,-2.187,11.2125,0,0,-16.3,0,0,0,0,0.0572958,0,0,0,0,65,0,0,0,0,0,0,63,0,0.00034,0.00034,0,0,0,0,0,1,0,0,0,0,0,0,1,0,0,0,0,0,0,0,0,99,0,,0,0,0,0,
END,Total:7
START,FrameNb:236,CameraNb:0,HeSaiNb:0,ARS410Nb:0
2026/08/02 16:24:01:151---->
heightOffset:0,1785659041151,1330821,selfCaliBufCnt:0,selfAccObjCnt:0,selfAccAngle:0,installHAngleOffset:0,Interpolation:0,installVAngleOffset:0,radarOffsetH:0,radarOffsetV:0.32,Polynom:-0.001023;-0.0511;-2.047;0;0;0;-0.001023;-0.0511;-2.047;-25.5;0;0,WheelDirection:0;0;0;0,selfAngleOffset:0,selfAngleOffsetPit:0,currCaliAngleHrz:0,currCaliAnglePit:0,selfCaliAngleHrz:0,selfCaliAnglePit:0,servCaliAngleHrz:0,servCaliAnglePit:0,offlineCaliAngleHrz:0,offlineCaliAnglePit:0,determine2useFlag:0,IMU_Z_Accel:0,IMU_X_AngularRate:0,IMU_Y_AngularRate:0,IMU_RollAngle:0,IMU_PitchAngle:0,IMU_YawAngle:0,FcwID:0,FCWWarningLevel:0,FCWTTC:0
16,16.56,-0.12,17.84,0,0,0,0,0,-5.0745,15.7625,0,-0.125,-17.7,0,0,0,0,0.0572958,0,0,0,0,96,0,0,0,0,0,0,55,0,0.00034,0.00034,0,0,0,0,0,0.8,0,0,0,0,0,0,1,0,0,0,0,0,0,0,0,30,0,,0,0,0,0,
20,6.92,0,-22.3,0,0,0,0,0,2.6255,6.4,0,0,4.9,0,0,0,0,0.0572958,0,0,0,0,90,0,0,0,0,0,0,55,0,0.00034,0.00034,0,0,0,0,0,1,0,0,0,0,0,0,1,0,0,0,0,0,0,0,0,99,0,,0,0,0,0,
21,9.25,0,-24.6,0,0,0,0,0,3.8505,8.4125,-0.125,0,5.3,0,0,0,0,0.0572958,0,0,0,0,96,0,0,0,0,0,0,55,0,0.00034,0.00034,0,0,0,0,0,1,0,0,0,0,0,0,1,0,0,0,0,0,0,0,0,99,0,,0,0,0,0,
23,6.05,0,-1.66,0,0,0,0,0,0.1755,6.05,-0.125,0,-6.3,0,0,0,0,0.0572958,0,0,0,0,98,0,0,0,0,0,0,55,0,0.00034,0.00034,0,0,0,0,0,2,0,0,0,0,0,0,1,0,0,0,0,0,0,0,0,98,0,,0,0,0,0,
30,10.56,-0.08,-49.67,0,0,0,0,0,8.0505,6.8375,0,-0.125,22.5,0,0,0,0,0.0572958,0,0,0,0,65,0,0,0,0,0,0,55,0,0.00034,0.00034,0,0,0,0,0,0.8,0,0,0,0,0,0,1,0,0,0,0,0,0,0,0,99,0,,0,0,0,0,
76,6.32,0,13.61,0,0,0,0,0,-1.487,6.1375,0,0,5.7,0,0,0,0,0.0572958,0,0,0,0,98,0,0,0,0,0,0,55,0,0.00034,0.00034,0,0,0,0,0,6.2,0,0,0,0,0,0,1,0,0,0,0,0,0,0,0,98,0,,0,0,0,0,
115,11.42,0,11.04,0,0,0,0,0,-2.187,11.2125,0,0,-16.3,0,0,0,0,0.0572958,0,0,0,0,65,0,0,0,0,0,0,55,0,0.00034,0.00034,0,0,0,0,0,1,0,0,0,0,0,0,1,0,0,0,0,0,0,0,0,99,0,,0,0,0,0,
END,Total:7
START,FrameNb:237,CameraNb:0,HeSaiNb:0,ARS410Nb:0
2026/08/02 16:24:01:182---->
heightOffset:0,1785659041182,1330872,selfCaliBufCnt:0,selfAccObjCnt:0,selfAccAngle:0,installHAngleOffset:0,Interpolation:0,installVAngleOffset:0,radarOffsetH:0,radarOffsetV:0.32,Polynom:-0.001023;-0.0511;-2.047;0;0;0;-0.001023;-0.0511;-2.047;-25.5;0;0,WheelDirection:0;0;0;0,selfAngleOffset:0,selfAngleOffsetPit:0,currCaliAngleHrz:0,currCaliAnglePit:0,selfCaliAngleHrz:0,selfCaliAnglePit:0,servCaliAngleHrz:0,servCaliAnglePit:0,offlineCaliAngleHrz:0,offlineCaliAnglePit:0,determine2useFlag:0,IMU_Z_Accel:0,IMU_X_AngularRate:0,IMU_Y_AngularRate:0,IMU_RollAngle:0,IMU_PitchAngle:0,IMU_YawAngle:0,FcwID:0,FCWWarningLevel:0,FCWTTC:0
16,16.56,-0.12,17.84,0,0,0,0,0,-5.0745,15.7625,0,-0.125,-17.7,0,0,0,0,0.0572958,0,0,0,0,96,0,0,0,0,0,0,58,0,0.00034,0.00034,0,0,0,0,0,0.8,0,0,0,0,0,0,1,0,0,0,0,0,0,0,0,30,0,,0,0,0,0,
20,6.92,0,-22.3,0,0,0,0,0,2.6255,6.4,0,0,4.9,0,0,0,0,0.0572958,0,0,0,0,90,0,0,0,0,0,0,58,0,0.00034,0.00034,0,0,0,0,0,1,0,0,0,0,0,0,1,0,0,0,0,0,0,0,0,99,0,,0,0,0,0,
21,9.25,0,-24.6,0,0,0,0,0,3.8505,8.4125,-0.125,0,5.3,0,0,0,0,0.0572958,0,0,0,0,96,0,0,0,0,0,0,58,0,0.00034,0.00034,0,0,0,0,0,1,0,0,0,0,0,0,1,0,0,0,0,0,0,0,0,99,0,,0,0,0,0,
23,6.05,0,-1.66,0,0,0,0,0,0.1755,6.05,-0.125,0,-6.3,0,0,0,0,0.0572958,0,0,0,0,98,0,0,0,0,0,0,58,0,0.00034,0.00034,0,0,0,0,0,2,0,0,0,0,0,0,1,0,0,0,0,0,0,0,0,98,0,,0,0,0,0,
30,10.56,-0.08,-49.67,0,0,0,0,0,8.0505,6.8375,0,-0.125,22.5,0,0,0,0,0.0572958,0,0,0,0,65,0,0,0,0,0,0,58,0,0.00034,0.00034,0,0,0,0,0,0.8,0,0,0,0,0,0,1,0,0,0,0,0,0,0,0,99,0,,0,0,0,0,
76,6.32,0,13.61,0,0,0,0,0,-1.487,6.1375,0,0,5.7,0,0,0,0,0.0572958,0,0,0,0,98,0,0,0,0,0,0,58,0,0.00034,0.00034,0,0,0,0,0,6.2,0,0,0,0,0,0,1,0,0,0,0,0,0,0,0,98,0,,0,0,0,0,
115,11.42,0,11.04,0,0,0,0,0,-2.187,11.2125,0,0,-16.3,0,0,0,0,0.0572958,0,0,0,0,65,0,0,0,0,0,0,58,0,0.00034,0.00034,0,0,0,0,0,1,0,0,0,0,0,0,1,0,0,0,0,0,0,0,0,99,0,,0,0,0,0,
END,Total:7
START,FrameNb:238,CameraNb:0,HeSaiNb:0,ARS410Nb:0
2026/08/02 16:24:01:252---->
heightOffset:0,1785659041252,1330921,selfCaliBufCnt:0,selfAccObjCnt:0,selfAccAngle:0,installHAngleOffset:0,Interpolation:0,installVAngleOffset:0,radarOffsetH:0,radarOffsetV:0.32,Polynom:-0.001023;-0.0511;-2.047;0;0;0;-0.001023;-0.0511;-2.047;-25.5;0;0,WheelDirection:0;0;0;0,selfAngleOffset:0,selfAngleOffsetPit:0,currCaliAngleHrz:0,currCaliAnglePit:0,selfCaliAngleHrz:0,selfCaliAnglePit:0,servCaliAngleHrz:0,servCaliAnglePit:0,offlineCaliAngleHrz:0,offlineCaliAnglePit:0,determine2useFlag:0,IMU_Z_Accel:0,IMU_X_AngularRate:0,IMU_Y_AngularRate:0,IMU_RollAngle:0,IMU_PitchAngle:0,IMU_YawAngle:0,FcwID:0,FCWWarningLevel:0,FCWTTC:0
16,16.56,-0.12,17.84,0,0,0,0,0,-5.0745,15.7625,-0.125,-0.125,-17.7,0,0,0,0,0.0572958,0,0,0,0,96,0,0,0,0,0,0,58,0,0.00034,0.00034,0,0,0,0,0,0.8,0,0,0,0,0,0,1,0,0,0,0,0,0,0,0,30,0,,0,0,0,0,
20,6.92,0,-22.3,0,0,0,0,0,2.6255,6.4,0,0,4.9,0,0,0,0,0.0572958,0,0,0,0,91,0,0,0,0,0,0,58,0,0.00034,0.00034,0,0,0,0,0,1,0,0,0,0,0,0,1,0,0,0,0,0,0,0,0,99,0,,0,0,0,0,
21,9.25,0,-24.6,0,0,0,0,0,3.8505,8.4125,-0.125,0,5.3,0,0,0,0,0.0572958,0,0,0,0,96,0,0,0,0,0,0,58,0,0.00034,0.00034,0,0,0,0,0,1,0,0,0,0,0,0,1,0,0,0,0,0,0,0,0,99,0,,0,0,0,0,
23,6.05,0,-1.66,0,0,0,0,0,0.1755,6.05,-0.125,0,-6.3,0,0,0,0,0.0572958,0,0,0,0,98,0,0,0,0,0,0,58,0,0.00034,0.00034,0,0,0,0,0,2,0,0,0,0,0,0,1,0,0,0,0,0,0,0,0,98,0,,0,0,0,0,
76,6.32,0,13.61,0,0,0,0,0,-1.487,6.1375,-0.125,0,5.7,0,0,0,0,0.0572958,0,0,0,0,98,0,0,0,0,0,0,58,0,0.00034,0.00034,0,0,0,0,0,6.2,0,0,0,0,0,0,1,0,0,0,0,0,0,0,0,98,0,,0,0,0,0,
115,11.42,0,11.04,0,0,0,0,0,-2.187,11.2125,0,0,-16.3,0,0,0,0,0.0572958,0,0,0,0,65,0,0,0,0,0,0,58,0,0.00034,0.00034,0,0,0,0,0,1,0,0,0,0,0,0,1,0,0,0,0,0,0,0,0,99,0,,0,0,0,0,
END,Total:6
START,FrameNb:239,CameraNb:0,HeSaiNb:0,ARS410Nb:0
2026/08/02 16:24:01:309---->
heightOffset:0,1785659041309,1330972,selfCaliBufCnt:0,selfAccObjCnt:0,selfAccAngle:0,installHAngleOffset:0,Interpolation:0,installVAngleOffset:0,radarOffsetH:0,radarOffsetV:0.32,Polynom:-0.001023;-0.0511;-2.047;0;0;0;-0.001023;-0.0511;-2.047;-25.5;0;0,WheelDirection:0;0;0;0,selfAngleOffset:0,selfAngleOffsetPit:0,currCaliAngleHrz:0,currCaliAnglePit:0,selfCaliAngleHrz:0,selfCaliAnglePit:0,servCaliAngleHrz:0,servCaliAnglePit:0,offlineCaliAngleHrz:0,offlineCaliAnglePit:0,determine2useFlag:0,IMU_Z_Accel:0,IMU_X_AngularRate:0,IMU_Y_AngularRate:0,IMU_RollAngle:0,IMU_PitchAngle:0,IMU_YawAngle:0,FcwID:0,FCWWarningLevel:0,FCWTTC:0
16,16.56,0,17.84,0,0,0,0,0,-5.0745,15.7625,-0.125,0,-17.7,0,0,0,0,0.0572958,0,0,0,0,96,0,0,0,0,0,0,54,0,0.00034,0.00034,0,0,0,0,0,0.8,0,0,0,0,0,0,1,0,0,0,0,0,0,0,0,30,0,,0,0,0,0,
20,6.92,0,-22.3,0,0,0,0,0,2.6255,6.4,0,0,4.9,0,0,0,0,0.0572958,0,0,0,0,91,0,0,0,0,0,0,54,0,0.00034,0.00034,0,0,0,0,0,1,0,0,0,0,0,0,1,0,0,0,0,0,0,0,0,99,0,,0,0,0,0,
21,9.25,0,-24.6,0,0,0,0,0,3.8505,8.4125,-0.125,0,5.3,0,0,0,0,0.0572958,0,0,0,0,96,0,0,0,0,0,0,54,0,0.00034,0.00034,0,0,0,0,0,1,0,0,0,0,0,0,1,0,0,0,0,0,0,0,0,99,0,,0,0,0,0,
23,6.05,0,-1.66,0,0,0,0,0,0.1755,6.05,-0.125,0,-6.3,0,0,0,0,0.0572958,0,0,0,0,98,0,0,0,0,0,0,54,0,0.00034,0.00034,0,0,0,0,0,2,0,0,0,0,0,0,1,0,0,0,0,0,0,0,0,98,0,,0,0,0,0,
76,6.32,0,13.61,0,0,0,0,0,-1.487,6.1375,-0.125,0,5.7,0,0,0,0,0.0572958,0,0,0,0,98,0,0,0,0,0,0,54,0,0.00034,0.00034,0,0,0,0,0,6.2,0,0,0,0,0,0,1,0,0,0,0,0,0,0,0,98,0,,0,0,0,0,
115,11.42,0,11.04,0,0,0,0,0,-2.187,11.2125,0,0,-16.3,0,0,0,0,0.0572958,0,0,0,0,65,0,0,0,0,0,0,54,0,0.00034,0.00034,0,0,0,0,0,1,0,0,0,0,0,0,1,0,0,0,0,0,0,0,0,99,0,,0,0,0,0,
END,Total:6
START,FrameNb:240,CameraNb:0,HeSaiNb:0,ARS410Nb:0
2026/08/02 16:24:01:338---->
heightOffset:0,1785659041338,1331021,selfCaliBufCnt:0,selfAccObjCnt:0,selfAccAngle:0,installHAngleOffset:0,Interpolation:0,installVAngleOffset:0,radarOffsetH:0,radarOffsetV:0.32,Polynom:-0.001023;-0.0511;-2.047;0;0;0;-0.001023;-0.0511;-2.047;-25.5;0;0,WheelDirection:0;0;0;0,selfAngleOffset:0,selfAngleOffsetPit:0,currCaliAngleHrz:0,currCaliAnglePit:0,selfCaliAngleHrz:0,selfCaliAnglePit:0,servCaliAngleHrz:0,servCaliAnglePit:0,offlineCaliAngleHrz:0,offlineCaliAnglePit:0,determine2useFlag:0,IMU_Z_Accel:0,IMU_X_AngularRate:0,IMU_Y_AngularRate:0,IMU_RollAngle:0,IMU_PitchAngle:0,IMU_YawAngle:0,FcwID:0,FCWWarningLevel:0,FCWTTC:0
16,16.56,0,17.84,0,0,0,0,0,-5.0745,15.7625,-0.125,0,-17.9,0,0,0,0,0.0572958,0,0,0,0,96,0,0,0,0,0,0,58,0,0.00034,0.00034,0,0,0,0,0,0.8,0,0,0,0,0,0,1,0,0,0,0,0,0,0,0,30,0,,0,0,0,0,
20,6.92,0,-22.3,0,0,0,0,0,2.6255,6.4,0,0,4.9,0,0,0,0,0.0572958,0,0,0,0,92,0,0,0,0,0,0,58,0,0.00034,0.00034,0,0,0,0,0,0.8,0,0,0,0,0,0,1,0,0,0,0,0,0,0,0,99,0,,0,0,0,0,
21,9.25,0,-24.6,0,0,0,0,0,3.8505,8.4125,-0.125,0,5.3,0,0,0,0,0.0572958,0,0,0,0,96,0,0,0,0,0,0,58,0,0.00034,0.00034,0,0,0,0,0,1,0,0,0,0,0,0,1,0,0,0,0,0,0,0,0,99,0,,0,0,0,0,
23,6.05,0,-1.66,0,0,0,0,0,0.1755,6.05,0,0,-6.3,0,0,0,0,0.0572958,0,0,0,0,98,0,0,0,0,0,0,58,0,0.00034,0.00034,0,0,0,0,0,2,0,0,0,0,0,0,1,0,0,0,0,0,0,0,0,98,0,,0,0,0,0,
76,6.32,0,13.61,0,0,0,0,0,-1.487,6.1375,-0.125,0,5.7,0,0,0,0,0.0572958,0,0,0,0,98,0,0,0,0,0,0,58,0,0.00034,0.00034,0,0,0,0,0,6.2,0,0,0,0,0,0,1,0,0,0,0,0,0,0,0,98,0,,0,0,0,0,
115,11.42,0,11.04,0,0,0,0,0,-2.187,11.2125,0,0,-16.3,0,0,0,0,0.0572958,0,0,0,0,65,0,0,0,0,0,0,58,0,0.00034,0.00034,0,0,0,0,0,1,0,0,0,0,0,0,1,0,0,0,0,0,0,0,0,99,0,,0,0,0,0,
END,Total:6
START,FrameNb:241,CameraNb:0,HeSaiNb:0,ARS410Nb:0
2026/08/02 16:24:01:393---->
heightOffset:0,1785659041393,1331071,selfCaliBufCnt:0,selfAccObjCnt:0,selfAccAngle:0,installHAngleOffset:0,Interpolation:0,installVAngleOffset:0,radarOffsetH:0,radarOffsetV:0.32,Polynom:-0.001023;-0.0511;-2.047;0;0;0;-0.001023;-0.0511;-2.047;-25.5;0;0,WheelDirection:0;0;0;0,selfAngleOffset:0,selfAngleOffsetPit:0,currCaliAngleHrz:0,currCaliAnglePit:0,selfCaliAngleHrz:0,selfCaliAnglePit:0,servCaliAngleHrz:0,servCaliAnglePit:0,offlineCaliAngleHrz:0,offlineCaliAnglePit:0,determine2useFlag:0,IMU_Z_Accel:0,IMU_X_AngularRate:0,IMU_Y_AngularRate:0,IMU_RollAngle:0,IMU_PitchAngle:0,IMU_YawAngle:0,FcwID:0,FCWWarningLevel:0,FCWTTC:0
16,16.56,0,17.84,0,0,0,0,0,-5.0745,15.7625,-0.125,0,-17.9,0,0,0,0,0.0572958,0,0,0,0,96,0,0,0,0,0,0,53,0,0.00034,0.00034,0,0,0,0,0,0.8,0,0,0,0,0,0,1,0,0,0,0,0,0,0,0,30,0,,0,0,0,0,
20,6.92,0,-22.3,0,0,0,0,0,2.6255,6.4,0,0,4.9,0,0,0,0,0.0572958,0,0,0,0,92,0,0,0,0,0,0,53,0,0.00034,0.00034,0,0,0,0,0,0.8,0,0,0,0,0,0,1,0,0,0,0,0,0,0,0,99,0,,0,0,0,0,
21,9.25,0,-24.6,0,0,0,0,0,3.8505,8.4125,-0.125,0,5.3,0,0,0,0,0.0572958,0,0,0,0,96,0,0,0,0,0,0,53,0,0.00034,0.00034,0,0,0,0,0,1,0,0,0,0,0,0,1,0,0,0,0,0,0,0,0,99,0,,0,0,0,0,
23,6.05,0,-1.66,0,0,0,0,0,0.1755,6.05,0,0,-6.3,0,0,0,0,0.0572958,0,0,0,0,98,0,0,0,0,0,0,53,0,0.00034,0.00034,0,0,0,0,0,2,0,0,0,0,0,0,1,0,0,0,0,0,0,0,0,98,0,,0,0,0,0,
76,6.32,0,13.61,0,0,0,0,0,-1.487,6.1375,-0.125,0,5.7,0,0,0,0,0.0572958,0,0,0,0,98,0,0,0,0,0,0,53,0,0.00034,0.00034,0,0,0,0,0,6.2,0,0,0,0,0,0,1,0,0,0,0,0,0,0,0,98,0,,0,0,0,0,
115,11.42,0,11.04,0,0,0,0,0,-2.187,11.2125,0,0,-16.3,0,0,0,0,0.0572958,0,0,0,0,65,0,0,0,0,0,0,53,0,0.00034,0.00034,0,0,0,0,0,1,0,0,0,0,0,0,1,0,0,0,0,0,0,0,0,99,0,,0,0,0,0,
END,Total:6




BB Hw:V3.1.9.1,app Fw:V6.4.23.11.0.0,boot Fw:V6.4.23.6.0.0,PA cali Fw:V6.4.23.6.0.0,CT_RadarTool FW:V7.0,Can CH:1.4.6.3,Can rate:0,CarSpeedMode:0,
